1.0
1.064221438836735
1.2475270311442468
1.5488418119571332
1.9816292081619604
2.5722903514344155
3.3599867832823787
4.396965227206759
5.747976330514216
7.486050503101697
9.679211677495633
12.35853544394899
15.45492894627
18.70154952852517
21.54500643180816
23.194556594357838
22.943702321833282
20.626881232738832
16.76342917706932
12.213156048880444
7.723091698961918
3.726974809609932
0.38298222180514974
-2.3131302549086743
-4.435505621147385
-6.075229198016393
-7.316592879148276
-8.229709861370624
-8.870837915366499
-9.285601322221822
-9.512650899549751
-9.586604379304884
-9.539848654226967
-9.403228877084844
-9.205902874895022
-8.974739990387205
-8.733620569924188
-8.50289126923652
-8.29910260375885
-8.135041926425501
-8.019999143963895
-7.960167433295198
-7.959078168908823
-8.017985470189647
-8.136140474868846
-8.310922011825873
-8.537816412281238
-8.810265497117157
-9.119430172809952
-9.453948898290697
-9.799803517489915
-10.14043201597354
-10.457234509903522
-10.730585877416628
-10.94138017057004
-11.072989023853838
-11.113349791328636
-11.056770497721933
-10.905018910571966
-10.667390409029107
-10.359696950791008
-10.00239672101523
-9.618282559592211
-9.23019957030911
-8.859172109019328
-8.523147991297705
-8.236388609092
-8.009401212768216
-7.849242677966649
-7.760013617730772
-7.743387116646057
-7.799056249888999
-7.925026020104821
-8.117710781130414
-8.37182893150807
-8.680115077466128
-9.032901749148548
-9.417662110878018
-9.818651972061984
-10.216835800522244
-10.590307764887179
-10.91539495545865
-11.168524325250539
-11.328737628332192
-11.380486281164185
-11.316123795879083
-11.137455762697309
-10.855880979613957
-10.49102786905797
-10.068211903764736
-9.615333745461257
-9.159897200735573
-8.726667282721152
-8.336218651300962
-8.004364751115006
-7.742284030408471
-7.557088201055926
-7.45258486747508
-7.430036459930281
-7.488778534549053
-7.6266152527524405
-7.839951621921597
-8.123653272332527
-8.47065145117273
-8.871342471060375
-9.31287537612205
-9.778483626170793
-10.247090798375808
-10.69348457229958
-11.089364132770937
-11.405466321986825
-11.61472480201512
-11.696039482828535
-11.637858861181353
-11.440607619524952
-11.117186052643712
-10.691309956164526
-10.19412354092389
-9.659996107998403
-9.122512500959168
-8.611412808922536
-8.150813224540268
-7.758649998295579
-7.447048043086249
-7.223237536714263
-7.0906769286676115
-7.050127334806642
-7.100515419067775
-7.239495435787607
-7.463670682998053
-7.768464496057717
-8.147651569487207
-8.592584631997457
-9.091193315701679
-9.626902994674053
-10.177725204855133
-10.71589110568467
-11.208485210025048
-11.619501245528529
-11.913489155354714
-12.060460306747265
-12.041091233369928
-11.850817327838447
-11.501472734496852
-11.01982061142057
-10.44335373160683
-9.814613402522257
-9.175568688990701
-8.563275000274684
-8.007374000291206
-7.529366893083021
-7.143209309419194
-6.8566638583852155
-6.672916594527501
-6.592108071363945
-6.612572755255051
-6.731687396621831
-6.9462931664149306
-7.252686338121115
-7.646182291035
-8.120264291208645
-8.665350662381215
-9.267272394688367
-9.905667111988578
-10.552670159378724
-11.172488709220632
-11.722581134829316
-12.15706927253015
-12.432507181508727
-12.515207999015576
-12.38830797018512
-12.056249865319659
-11.544928657886388
-10.897274342408663
-10.165746870122753
-9.40413678285041
-8.660833961806222
-7.974724849381729
-7.373788390348625
-6.875754793828861
-6.489963308693076
-6.219657334122273
-6.064191163752696
-6.020856163091662
-6.086204629336388
-6.256847816643159
-6.529744451461074
-6.901997609519206
-7.370160786684969
-7.929038309429564
-8.569974475913352
-9.27869064006118
-10.032885560397077
-10.800085947218639
-11.536592834155789
-12.188673044581641
-12.697095228745281
-13.005359870666622
-13.070423890904541
-12.872942490500819
-12.42323790314788
-11.760351279596973
-10.944324307342416
-10.044618071320183
-9.128635450775986
-8.25337564471603
-7.4613409850244885
-6.780179527248629
-6.224761699839993
-5.800360743982288
-5.505961313072526
-5.337141865497779
-5.288304139784082
-5.35421719284976
-5.5309210536810145
-5.8160374425806
-6.2085178292582075
-6.707856256510497
-7.312773070090741
-8.019305938225497
-8.81820361519093
-9.691625368035746
-10.60947036681418
-11.526213059429958
-12.379821071587598
-13.094841722430267
-13.591384846542576
-13.799814983247604
-13.677689357943455
-13.222665856349535
-12.475390696906038
-11.51059601903754
-10.420215329916381
-9.295344719049519
-8.212795962902755
-7.22854270091725
-6.377238279097568
-5.675533556802056
-5.126945979862191
-4.726733871697124
-4.4659850182069825
-4.3346698352162605
-4.323708312267369
-4.426220754289946
-4.6381464426497505
-4.958371829026434
-5.388439264147455
-5.931821769203067
-6.592655617473479
-7.373730310654466
-8.273472170145821
-9.281687970835955
-10.37408276911326
-11.506209497899214
-12.608671503575641
-13.586867875188616
-14.329351606153555
-14.72717925497722
-14.701276512906606
-14.227878037641656
-13.349397790414908
-12.164193821784506
-10.800201849179722
-9.385085956882143
-8.024215565907138
-6.790798229863579
-5.726231336970879
-4.8462240442510485
-4.148721956485673
-3.621234109709104
-3.246564629836438
-3.0068138281554146
-2.885910750214529
-2.871053985601824
-2.9534151047132307
-3.128384616420546
-3.3955529093383663
-3.7585336463626073
-4.224653353308283
-4.804440713230246
-5.5107402134599095
-6.357133646667689
-7.355179080840961
-8.509806663738006
-9.812176492178459
-11.229719978160716
-12.694486246777078
-14.093809372975802
-15.271189851776702
-16.04699565232058
-16.26243479365299
-15.834024024061442
-14.790191263822132
-13.265818579559237
-11.457100317204889
-9.563773029729312
-7.746487409543672
-6.109768056087501
-4.705182919177309
-3.544217733106301
-2.6127222208493603
-1.8829037088631992
-1.3217885582607365
-0.89649537421628
-0.5771075507869124
-0.33792252111967347
-0.1576948583198603
-0.01931315254563802
0.09079832525434516
0.18337381395170083
0.26699545848366324
0.3487296843867477
0.4346955858948631
0.5305702383630602
0.6420468808433264
0.7752674701800405
0.9372535447624784
1.1363600633691784
1.3827763122938832
1.6890949597175733
2.0709614175965654
2.547793621576484
3.143513483938569
3.887130162011842
4.812815820128062
5.958740499984488
7.363281676108208
9.056235715518127
11.041578057190732
13.268389547645002
15.591133499793207
17.73470768738847
19.303005293681906
19.87746230245398
19.197593320135642
17.310763504753112
14.558926764493133
11.41092560670605
8.280183635229184
5.434135218503608
2.994981812785091
0.9818547609451393
-0.6444337690228544
-1.9488604569868875
-3.0026470391877425
-3.8730746985814
-4.618996712669574
-5.289450759586475
-5.923747129925237
-6.552066431343775
-7.196004227210117
-7.8687489286295955
-8.574756832559418
-9.30895816644986
-10.055737832103738
-10.788202233621018
-11.468525497384126
-12.05032145231696
-12.483773449012222
-12.72346092618269
-12.737524201763945
-12.515580425142735
-12.07253978890559
-11.446694107388533
-10.692668399181855
-9.871746015138251
-9.042630642954817
-8.254858028824083
-7.545615196423745
-6.939520284409854
-6.450343158652041
-6.0836251860733315
-5.839419187743981
-5.71469013059604
-5.705171419085998
-5.806628019433785
-6.01554870724264
-6.329303549776207
-6.74578542889708
-7.2625247101116415
-7.875240682668873
-8.575796675384769
-9.34959690614755
-10.172652848029104
-11.008895333247755
-11.808788622645565
-12.510727184140007
-13.046654884093433
-13.352335792188459
-13.380602587508278
-13.113557897688473
-12.568833181308257
-11.796896603169994
-10.870303014699426
-9.869163325596446
-8.867887874157885
-7.926510838750892
-7.087318998966832
-6.375652651830266
-5.8030970813497325
-5.37149908942764
-5.076789590185693
-4.912112305901569
-4.870114898578745
-4.944451241156932
-5.130617202979904
-5.426241066365559
-5.8309009702760335
-6.345463668824917
-6.970854692713805
-7.706109603752403
-8.545548981879529
-9.475011138205065
-10.46735443891168
-11.478016502811876
-12.44230769351859
-13.277023070691381
-13.88906003081872
-14.191900652788929
-14.126725341538412
-13.680498759260221
-12.892456761118464
-11.84524099897024
-10.644678111188117
-9.397094191218187
-8.192121545042802
-7.094327720652128
-6.142640546768407
-5.354545813677114
-4.732115901078037
-4.267918543281511
-3.94986889673132
-3.764779219379535
-3.7007199848354677
-3.748438153149977
-3.9020850460529903
-4.1594566937834
-4.521879009789177
-4.9937882126077815
-5.581959316347813
-6.2942193772444615
-7.137356118090991
-8.11382475173173
-9.216837873175491
-10.423652993803623
-11.687617556258715
-12.931067214528293
-14.04337577757428
-14.890051710585388
-15.337009195304967
-15.286660250252043
-14.711901841848922
-13.669718885308326
-12.285518482650719
-10.71664707537092
-9.11378537373021
-7.595104012281786
-6.237132315457752
-5.0780694969531375
-4.127033682268262
-3.3742990803920208
-2.7999690823253114
-2.3803035267416477
-2.091844142742758
-1.9138219845459312
-1.8293694507248814
-1.8259783876441038
-1.8955356281023366
-2.0341651803416307
-2.242022821209955
-2.523123437064545
-2.8852282284765307
-3.3397700065438998
-3.901740303383675
-4.5893857319749625
-5.423431114159882
-6.425317674226276
-7.6136027795858965
-8.997308220510236
-10.564900811381671
-12.268360925763783
-14.004601262549894
-15.60244772289474
-16.83085586574474
-17.4446272559168
-17.265200134915425
-16.259216833326903
-14.561477244591266
-12.423079343850928
-10.12118617067632
-7.884618480488736
-5.861630253576789
-4.123133735149807
-2.68255566449617
-1.517804371726574
-0.5887502167374858
0.15108336797443478
0.7476848107016683
1.2431511122620578
1.6744776281824176
