1.0
1.6894712974582027
2.4510399493270074
3.3636422480992008
4.507746957094783
5.973027317272708
7.863143818164455
10.295740292026968
13.392090492916244
17.244100560281062
21.83576076952453
26.886979898695294
31.608236641872637
34.47901490458364
33.451379845549305
27.1122123612626
16.368186621385476
4.550903736172914
-4.952445806496199
-10.83576134897891
-13.67275264927847
-14.626575727852524
-14.637607198239229
-14.25611444353782
-13.742629400505933
-13.195198011741576
-12.636570194607451
-12.06302570973667
-11.468618139430237
-10.85529822660616
-10.235088903263607
-9.627933749602468
-9.057609401342374
-8.547417671930402
-8.116797385218762
-7.779398924543661
-7.5426265875659455
-7.4082900137201
-7.373860821200337
-7.433866250159743
-7.581084525978331
-7.807359324392499
-8.103975709312875
-8.461622316802941
-8.870011350517458
-9.317254835930127
-9.789119046139326
-10.268310805238617
-10.733992886794274
-11.161772748370304
-11.52443534701918
-11.793656998093956
-11.94279667218209
-11.950585545704334
-11.805155084212283
-11.507478931022643
-11.073151574834823
-10.531668176807392
-9.923028935729961
-9.292345674262476
-8.68379086069951
-8.135376113003083
-7.675632973396431
-7.3225415995358905
-7.084370776733081
-6.96170371592447
-6.949871384291949
-7.041190690407665
-7.2266586925360885
-7.4969774850912065
-7.842931726259968
-8.255214101628276
-8.723818364808515
-9.23712488666894
-9.780813497076021
-10.336770264443603
-10.882215120169425
-11.389358047627342
-11.825963233378475
-12.15720545525033
-12.349062021334198
-12.373128107424565
-12.212182256780487
-11.865220194952752
-11.350334190635154
-10.704080262407343
-9.97694740592794
-9.22589104178878
-8.50595899612612
-7.86325632284821
-7.330793346720178
-6.927589738068312
-6.660379891997078
-6.526760817981052
-6.5186534633208355
-6.625289163672293
-6.83533499979993
-7.138081981297979
-7.5237945259219465
-7.983382664195902
-8.507556796746119
-9.085602923556944
-9.703907518978538
-10.344388664963908
-10.983066949079921
-11.589134666860446
-12.12502718919004
-12.548094259842713
-12.814390021304739
-12.884706533706193
-12.732198988735446
-12.349946393678323
-11.756024609774192
-10.993771089072862
-10.126242355320661
-9.226010411999205
-8.363311019493032
-7.596061285308709
-6.964179178087619
-6.488728646430504
-6.174775418655676
-6.016116038002996
-6.000200470108063
-6.112178284912798
-6.337635962499045
-6.664033647898291
-7.081060106616493
-7.580167053595128
-8.153499995564617
-8.792376835700521
-9.485420542923567
-10.21645735935914
-10.962369119501641
-11.691250591973123
-12.3614595637622
-12.922396569332708
-13.317959164702186
-13.493340773913271
-13.40494815660215
-13.031694592171217
-12.384321215194568
-11.508771578791276
-10.48099620204176
-9.393797711101948
-8.339811005906212
-7.396271996860991
-6.615929200720741
-6.025358591715375
-5.629069320114944
-5.416474129812658
-5.369058171854739
-5.466128616699129
-5.688585228848703
-6.020837300123425
-6.451278246624689
-6.971747323291964
-7.576300858328176
-8.259480949665745
-9.014162077215742
-9.829006759212572
-10.68559660788427
-11.555455383035596
-12.397472474073437
-13.15665875117905
-13.765610964746768
-14.150237354945244
-14.24072975117415
-13.987029020772756
-13.37524983275753
-12.438994597864744
-11.259380820406099
-9.951366907537894
-8.640237233815876
-7.43691569919816
-6.4207283686039185
-5.633691633773562
-5.084905814948318
-4.760486091657565
-4.634398716409251
-4.677284355381648
-4.862247151174066
-5.167828619436973
-5.5788871187964615
-6.086121259465229
-6.6847807799305246
-7.3728709114124165
-8.14895387649784
-9.009511389023713
-9.945770441716382
-10.939939523981016
-11.961005886258304
-12.960675066835892
-13.870727854280702
-14.603915221044709
-15.061071545342784
-15.146534670077427
-14.791230190113305
-13.9778954713073
-12.758138389170966
-11.250772941692258
-9.618044146832183
-8.0278780546835
-6.6178467273581605
-5.474239511212496
-4.6300658156253895
-4.076766330556186
-3.7810831541196985
-3.7003773413302903
-3.7933286066068495
-4.025814879397899
-4.373122729360313
-4.8198664520359396
-5.358698209392289
-5.9884748365986225
-6.712182890732705
-7.534649113894611
-8.459868398120248
-9.487662127019787
-10.609359289474455
-11.802324996533404
-13.023553372631257
-14.203361669094303
-15.24158708175598
-16.01036112508419
-16.368471205710676
-16.190450638917252
-15.40685324345614
-14.041787270092566
-12.226865207243309
-10.177049100099492
-8.134366846241763
-6.3055274557039604
-4.821479572894329
-3.7302912705590416
-3.0154544128906964
-2.62363786787421
-2.489303570008259
-2.5509383649598356
-2.759129038263873
-3.0789345869790203
-3.4890936198945517
-3.979877405093885
-4.550619945849783
-5.207378970861206
-5.9608082865724885
-6.824084573686783
-7.810563243858569
-8.930696768516768
-10.187631281404643
-11.570858680835368
-13.047502242781315
-14.551564223196157
-15.973217156902049
-17.15327518374605
-17.89167114627251
-17.980072423056935
-17.26206458323905
-15.705795976829947
-13.451745564706894
-10.795861749022881
-8.102754915861883
-5.6929983208105
-3.765071358632997
-2.3808862445855694
-1.5000094517100138
-1.0293640826747168
-0.8639968565331414
-0.9109598090854679
-1.0988969625424327
-1.3789621948430824
-1.7217705874774787
-2.1132423946367305
-2.550732500138838
-3.0399592981452708
-3.592797854162486
-4.22579422842324
-4.959159998422614
-5.815937386691511
-6.820934699566676
-7.998879602180118
-9.371000486011932
-10.948924268133561
-12.724483354638133
-14.65409079730728
-16.637582247416297
-18.495260140772743
-19.954730628590685
-20.669696254882652
-20.296601741012008
-18.632605599145467
-15.760175478452087
-12.090828973589582
-8.23726298264732
-4.777235132466352
-2.0657665778800185
-0.19373153816996186
0.9364923603523969
1.5049240752231394
1.6961013263535423
1.6615257992435413
1.5105412338151718
1.3150135776013148
1.118302930873618
0.9440430694704859
0.8032037771249488
0.6992492409069156
0.6316794266713812
0.598344352402455
0.5968897065955973
0.6256239444174102
0.6840270397243146
0.773061324454309
0.8953981903669109
1.0556404189188078
1.2605966723297277
1.5196497279673942
1.8452504241862473
2.2535614984512446
2.765264423620522
3.4065193440972
4.210017025080049
5.215951046025475
6.472509317021347
8.035030136227387
9.962113786504291
12.305487758642059
15.088141536963407
18.262736064077643
21.642593367302375
24.80955042470254
27.042599567858826
27.38342637152202
24.99005003693082
19.74378946078588
12.63886284451933
5.3899115539146365
-0.5299237275720807
-4.52334041489305
-6.770492633737333
-7.786896326405462
-8.083715621442671
-8.037141672314009
-7.884525987662103
-7.761443005199814
-7.738927903630634
-7.850068499848766
-8.106512020691213
-8.507805419154623
-9.046021517393175
-9.707263640986081
-10.47102424884821
-11.308078148970706
-12.177590155340022
-13.024389150484607
-13.7778513814914
-14.354352079742467
-14.6653334777282
-14.63200534551562
-14.205005050509119
-13.383486212164925
-12.225283756061229
-10.841108871980493
-9.372242057597362
-7.959553177877443
-6.715945412701487
-5.711421532255231
-4.972667077084472
-4.492791543657372
-4.2447966105326955
-4.193802878193574
-4.305720521742861
-4.552145513601739
-4.912293265729755
-5.372993215849574
-5.927572152991181
-6.57414446027071
-7.313542564033181
-8.146903392980766
-9.072782718829004
-10.083607999715257
-11.161336583655585
-12.272432542479942
-13.36281518569423
-14.354339719300338
-15.145530827106409
-15.620131778639252
-15.666335914910354
-15.205886159516739
-14.225480315068705
-12.796505895209037
-11.0694746060172
-9.240393361537546
-7.502122315294644
-6.002155636461233
-4.8224346816387245
-3.9828167463570567
-3.459078704601321
-3.2042172234654807
-3.1657147550285525
-3.2963655304035804
-3.559400141381975
-3.92974326132213
-4.39312707734554
-4.944248943205155
-5.5846252933438025
-6.320387834713002
-7.159990472010534
-8.111606493515747
-9.179863177888855
-10.361485883881578
-11.639465257532716
-12.9756641019596
-14.302581145197678
-15.516539712607376
-16.476847417213907
-17.017555906297634
-16.977844627708834
-16.250286887873283
-14.83261350713332
-12.855741630148954
-10.563764957564949
-8.24707062755989
-6.160642644697776
-4.467668002904013
-3.227378161537421
-2.4178732893057604
-1.9719567199170391
-1.8085326245298303
-1.8526387207713078
-2.0448096321032496
-2.343314932494071
-2.722692264523973
-3.170888265665937
-3.6862625024687206
-4.2749873704861505
-4.948951284820172
-5.72403049438952
-6.618440430948939
-7.650745640011634
-8.836959677303039
-10.185996131191668
-11.692595034095866
-13.326931163409615
-15.020826592351034
-16.65253900397353
-18.036204541740155
-18.927798658540166
-19.06312493762652
-18.236029506378905
-16.398639792118125
-13.729846423713616
-10.611522894582258
-7.504855282030392
-4.795792570021739
-2.6988182843910127
-1.2528993827405444
-0.3783360068137726
0.05537982328994502
0.1806798176695685
0.10741107506068497
-0.08412987614777812
-0.3410290138643749
-0.632268780927724
-0.9429584805367621
-1.269513020337972
-1.6160906706671552
-1.9922080656084318
-2.411319317621499
-2.8901257685342094
-3.4483988337826053
-4.109112132920233
-4.898665447227432
-5.846917374469686
-6.98659418965014
-8.351366677937111
-9.971434879854394
-11.864810042292936
-14.021765955621643
-16.379769687663366
-18.788300938563673
-20.97061090778995
-22.506091685069013
-22.878607261314894
-21.636945316579986
-18.64704851456643
-14.284039742786808
-9.360455244664603
-4.775856870097476
-1.1442877169065258
1.343149064869715
2.815295515922045
3.5395128175258295
3.7876183591103154
3.7760626250126625
3.655753074285885
3.5231362058732065
3.435958124700158
3.427092750030845
3.5148923902213807
3.710377788566623
