0.0
0.026900432739539307
0.07193440554667002
0.1471411126480773
0.27449041480240044
0.4921593732204684
0.8655604954717563
1.5055082063606757
2.59643085361297
4.435775802502824
7.476479259738765
12.336037658369431
19.674442623715063
29.77470992634577
41.768247595376614
53.06530968961319
60.26246755949322
61.59424578051111
58.25568221925688
52.94436224986243
47.79544887545754
43.73987230904303
40.895265400718046
39.05578946685194
37.95826683709879
37.374227883490306
37.12464747767095
37.072021831109105
37.11065403478958
37.160343171586526
37.16311436543422
37.08130513293455
36.895575522075134
36.60214533245225
36.209277392377444
35.733470346631364
35.19593254705829
34.619764655780756
34.028029032628716
33.442658660887055
32.88402041265131
32.37090016322101
31.92069070664077
31.549602279571573
31.272754870415074
31.10404053830708
31.05566397067408
31.137290503370583
31.354768399013462
31.70846416828129
32.19136964481056
32.787304433505824
33.469714381321054
34.2016790347601
34.937682583551684
35.627384123438645
36.221055110224235
36.67570509796476
36.9604928926132
37.060087705143516
36.97524548309409
36.72074243627947
36.32155235767449
35.80846491257343
35.214183430967914
34.570503956092324
33.90671365916557
33.24902322376485
32.62070666824495
32.04261873441959
31.533824668747872
31.112151757684323
30.794527696392517
30.596998107663786
30.534323487858476
30.619059621553614
30.860048631893534
31.26031832026682
31.814532039242767
32.50636069269951
33.30642968277595
34.1717259993416
35.04736054600948
35.871193737118695
36.581007232877134
37.122875934492434
37.45865610268499
37.57054718181815
37.461615803082154
37.152561000703336
36.67614591548335
36.0711239901329
35.37713660059733
34.63132150600552
33.866670497113155
33.111748874400895
32.39125862063358
31.7269877664325
31.13882000713205
30.64559958654156
30.265721956375852
30.017347100958403
29.918123861018515
29.98429130743967
30.229016878093347
30.65987964031021
31.27555759555875
32.06206914637753
32.98934235482851
34.00933046182569
35.05710632302623
36.05601872991691
36.92688148510759
37.599527072918185
38.023664391061246
38.17576777398041
38.0600572284537
37.70387038685254
37.14963185817761
36.446271637454586
35.64231156797696
34.78160353064286
33.90160569898403
33.03349334570541
32.203294448257296
31.43340841985033
30.7441052589234
30.154794677922492
29.684961269028136
29.354689836432975
29.18467632231991
29.195560737306195
29.40636110304165
29.831776379795013
30.478229456436765
31.338821051054484
32.3879192181157
33.57685900808354
34.83288331155449
36.063475825213615
37.16705305307184
38.04855913086036
38.63582820903377
38.89136616397064
38.815649836969115
38.44156380735966
37.82306733703531
37.02265091697718
36.10126935183876
35.11237211943776
34.09978919891633
33.098276444924856
32.13541882256538
31.233930553130733
30.413814846453477
29.69416378801539
29.09454687482989
28.635979579527344
28.341420819772146
28.235652625804477
28.34427381435714
28.691427961319757
29.295853416695003
30.16500687927414
31.287529272857476
32.625306751874696
34.107694443769944
35.63151742913588
37.070120533462585
38.29205469953416
39.18536271615398
39.67938836235221
39.755846629921955
39.44553134432979
38.8136407128473
37.94088665311156
36.90727141180372
35.78210758847668
34.62034264331423
33.463282186846726
32.34149182801816
31.27824846403699
30.292680412508247
29.402309727432666
28.625014351457523
27.98052255177999
27.49151738483777
27.184318778005522
27.088949652164136
27.238192423934454
27.66503078680169
28.397732181986257
29.4519425868391
30.81983374227213
32.45786015975843
34.27699699105461
36.14146119085429
37.881763544380284
39.32338100577872
40.32395351990693
40.80478837242271
40.76312622068296
40.2612166168398
39.39994727676032
38.290139533940824
37.03161099404847
35.703249777462844
34.36198867075308
33.04667787901406
31.783480566873735
30.59087338628624
29.48356781991285
28.475372814217632
27.58128928250157
26.819145259261497
26.210981049313304
25.784238517138327
25.57260969989812
25.616143617530245
25.959877923019064
26.649875887114977
27.725264677783194
29.205089503830973
31.070198161866443
33.24360792876954
35.577547278544436
37.85886977997379
39.84162921748155
41.30288356281432
42.10071056722633
42.20649119428143
41.696501253440275
40.71176841289163
39.41004566130767
37.93038583960947
36.37731748117665
34.82054776647155
33.302472681650094
31.847361903686142
30.469105359513698
29.176701935664937
27.977816780805
26.881069401344256
25.897663270998727
25.042797873736777
24.337130761638004
23.808398682672877
23.493128825917015
23.438109882194635
23.700867448456382
24.34773426650112
25.44726784863037
27.056102914488118
29.1948497817229
31.815107672050342
34.76662126734348
37.78422548020249
40.5183893427219
42.61749200359059
43.83394682868394
44.09782305114424
43.5157495655602
42.3035601539386
40.70015099368816
38.906048095449904
37.06018740637235
35.244528603017145
33.500184634562565
31.843807392394087
30.279668347641387
28.807066753170442
27.424306656373968
26.130646542671407
24.927276607446018
23.817988150556715
22.809922368844717
21.914629951686177
21.14960259324299
20.540403624016275
20.12347397557429
19.949543827633274
20.087214890256828
20.625492550464763
21.672594953897676
23.346149777217793
25.74758744143004
28.913838688585592
32.74801562710304
36.953322577044034
41.02416158841573
44.35092833334006
46.428952562673416
47.056440118229546
46.382468856093695
44.78286142574155
42.6741309133477
40.38414284596108
38.11416457328963
35.96051666662505
33.95377809891433
32.091763091692144
30.360076003050562
28.742416600580153
27.224606563316446
25.795482120036258
24.44653623855625
23.171244208309528
21.96445024058981
20.821919843312823
19.740052463662416
18.71571760602171
17.746179407118635
16.829086791188633
15.962520252502472
15.145100035666
14.376175090500494
13.656130316572769
12.98687504173329
12.372613585341142
11.821056167243851
11.345314123818724
10.96684615500494
10.71998285985214
10.658724793022357
10.866562896623527
11.469656342927607
12.651960116290343
14.666063254586177
17.82295515059874
22.426933588946373
28.610086360440032
36.05746695655673
43.76214237503308
50.147176226077505
53.773132321052756
54.18949931346291
52.098646094949515
48.722330323299886
45.09060298666011
41.7698923543094
38.94855171544779
36.615045534004274
34.68881720311643
33.085734360915104
31.7413515514247
30.6144281790309
29.683572052560574
28.942704658849536
28.397243007970477
28.06120292071287
27.95475751805512
28.101532180062293
28.524832797199434
29.242061649822023
30.25690377675077
31.54968066237498
33.06770327664217
34.719251701376095
36.3759610701721
37.88728068987353
39.10623863818619
39.91935559627781
40.26942059950324
40.16198586940058
39.65430655710124
38.833583454249954
37.794381679473226
36.62238056756771
35.38659250107114
34.13840875476866
32.91450348064086
31.74106186498818
30.63784001931062
29.621473868875036
28.70799401845701
27.91472200804283
27.26174086141271
26.773044069457715
26.477318349514313
26.408116716419528
26.602927712503202
27.100365059658525
27.93448577836088
29.12533272718676
30.665604318078348
32.50533406718967
34.539602636595426
36.60726850221964
38.5084340177206
40.04180821451559
41.05143530373611
41.463247921863115
41.294696772481245
40.63527878137986
39.61089297159576
38.34950220118551
36.95920600403854
35.52034601265196
34.08736761688222
32.69506405816922
31.365411643561433
30.113221636679548
28.950231741700403
27.887922144299797
26.939515424946823
26.12156098019835
25.45536563764981
24.968369422631916
24.6953724763138
24.67925514830458
24.970450542908825
25.623916190297084
26.691822743855468
28.210023844305365
30.177417164385727
32.530674402659095
35.1229152707884
37.72126486616456
40.038063073226645
41.796602394104326
42.80801587950673
43.02079913886046
42.51729856897422
41.464801170243156
40.0530794816375
38.447796860005276
36.77025783538938
35.097871487356926
33.47453795283415
31.922648907070975
30.452741387299422
29.069969950188888
27.778001694259046
26.581278584785025
25.486454814029884
24.503570503250224
23.647313906678384
22.938576999425642
22.4063931308828
22.090201627654714
22.042128370216062
22.328489150660555
23.028888603755163
24.2300656651028
26.010363567356663
28.410627560573175
31.39110124213188
34.78461377044886
38.272889918003365
41.42220537617515
43.794025683245465
45.0911111208509
45.25446414124554
44.45063664054708
42.96960338485091
41.107932791166085
39.09608216519791
37.079874950408616
35.13525440641865
33.29280552616219
31.55878528030933
29.928883753439063
28.395693878046195
26.952106841492945
25.59253379248792
24.31318242769905
23.112061489583454
21.989041874730002
20.94613060531758
19.98805181285283
19.123230225513876
18.365307813108362
17.735373671839305
17.265127967252088
17.00118671257945
17.010561917026905
17.386802031812323
18.254942236584796
19.770701118964837
22.104895264300133
25.399156189269075
29.67998735008891
34.73879087639021
40.03735024355051
44.75372361171168
48.047066408158514
49.431234351841695
48.97849110884811
47.193735028755256
44.702372555293465
42.00299599715554
39.388231132790914
36.981718507464905
34.80745085709808
32.84542299058068
31.06383635333713
29.43357533297911
27.932799034014632
26.547191913172743
25.26889533945371
