1.0
1.0737881569838237
1.2857687067012367
1.638512473711244
2.1537258272584516
2.870961916771897
3.848273286766878
5.163306452803597
6.912081877474152
9.19943410901295
12.108534641261015
15.627807461871187
19.514182430840258
23.1241847280801
25.39695421991304
25.277250669676057
22.46355216076685
17.68960903222272
12.160050211442892
6.841940821777625
2.2244418846276863
-1.562954803597103
-4.5669975493850155
-6.888249203653473
-8.624111023714159
-9.852126705627569
-10.63290639164578
-11.020011079683652
-11.06937360715277
-10.844299220844974
-10.415001900883505
-9.85399982301839
-9.229927051269305
-8.602188885063265
-8.0178584030879
-7.511038711236009
-7.104131242627162
-6.810172635852723
-6.6354837791469965
-6.582104101385408
-6.649714437938484
-6.836916255615192
-7.14182266551964
-7.56194413718865
-8.093346001730408
-8.729048922183557
-9.456680505304398
-10.255522550596393
-11.093393539661708
-11.924281879874023
-12.688194666953695
-13.314960172659593
-13.733151334018507
-13.883439065227071
-13.732953512975213
-13.285283335250305
-12.58152816437823
-11.691574962821065
-10.699182253957595
-9.686570476142116
-8.72311244725676
-7.859887903491562
-7.129370515105883
-6.548353392259181
-6.122225307231626
-5.849269728175002
-5.724276160683852
-5.741204523866182
-5.894892986177591
-6.181892505382338
-6.600502237732311
-7.150014245448674
-7.8290878655820775
-8.633103033261833
-9.5503493431596
-10.557100494924581
-11.6121469096546
-12.652318725297073
-13.591765222242138
-14.32849447174285
-14.760487687308427
-14.809477574829712
-14.444521580930555
-13.694380729591005
-12.64171181700823
-11.401577563121123
-10.094469533305764
-8.824461253730194
-7.667760301650634
-6.671066548684516
-5.85614386204306
-5.226876016567492
-4.776285602076237
-4.492298929539779
-4.361934106436046
-4.374048064171003
-4.520937880297701
-4.799084825493361
-5.209240394241297
-5.755923134339081
-6.446237023617799
-7.287742446204871
-8.284927303454467
-9.43371058942721
-10.713549346814037
-12.07746989040916
-13.442173427562098
-14.683368644058904
-15.644260302803737
-16.163849699595634
-16.122224001693965
-15.48488303054976
-14.320814984086404
-12.781754975454996
-11.054722113763821
-9.313732988030747
-7.689841127221415
-6.262939664658318
-5.068336501580634
-4.109338078473981
-3.369897906384752
-2.82467796840188
-2.445999901669781
-2.208132013099657
-2.0896299716039484
-2.074406223527124
-2.1520582963363686
-2.3178319209483425
-2.5724629100190417
-2.9220343324923252
-3.3778935791123277
-3.9565784638526855
-4.67957587121847
-5.572539905664298
-6.663279607114602
-7.9773434408198
-9.529422751309928
-11.308411990657637
-13.254867766447695
-15.23397933478931
-17.01721588323041
-18.298519416410105
-18.769773693636605
-18.24301486053728
-16.748359792634893
-14.529511705888837
-11.937797640289276
-9.304742308829818
-6.865339032622041
-4.744175664812246
-2.9781737296615804
-1.5484664063160274
-0.4071624508629334
0.5046284008344935
1.2463637722741336
1.8729526102744491
2.4329505889264573
2.968631425606955
3.5169842722917366
4.1110153987568685
4.780915615217824
5.55471261121837
6.457973934053164
7.511973994853905
8.729535185945144
10.107651544593503
11.616387717816933
13.185118428438313
14.690721551320161
15.957457395942528
16.780999838003595
16.981575270640825
16.469924603380594
15.289476401123425
13.605077538798803
11.644681189194424
9.630464616697948
7.7325602334838806
6.054509993407672
4.641071217244782
3.4950644025301574
2.594255751179088
1.9044623122478295
1.388289679088416
1.0102556486838323
0.7393483036443419
0.5499402160294271
0.42174693546009856
0.3392987724727045
0.2912239598575891
0.26951912981519816
0.2689013854169261
0.2862850423843035
0.32039661494798344
0.37152687112322963
0.4414136247061389
0.5332497443274632
0.651815235155059
0.8037386716865428
0.9979005629914084
1.2459982295198528
1.5632962424769852
1.969583615754532
2.490337973343692
3.158034471740709
4.013383966010916
5.105942027187674
6.4928154329087455
8.23282219388708
10.371186373750184
12.907171549952213
15.73742183013125
18.581246168026684
20.934597958351187
22.151841262053747
21.719478045589522
19.57606265833977
16.173551056811505
12.20709584139914
8.284159186370154
4.7705850263717196
1.808262619939868
-0.6037905129970459
-2.53610986451697
-4.082197362840972
-5.334138497295116
-6.371803100737515
-7.259162282479649
-8.043913243813849
-8.758428389291462
-9.42111815448454
-10.037908467818788
-10.60388813298943
-11.105371649553659
-11.522661692291981
-11.833660444604746
-12.018169376332418
-12.06231176560826
-11.962188750987352
-11.725848992247965
-11.373017073832049
-10.932671277199024
-10.439192221206236
-9.928128388661078
-9.432541370270565
-8.980518694838118
-8.593995243306459
-8.28868262136755
-8.074737471785197
-7.9577804250346915
-7.93994485881508
-8.020730215365829
-8.19752273674591
-8.4657147458578
-8.81840486337693
-9.245709820578544
-9.733780595247376
-10.263707543456343
-10.810625239205976
-11.343466394686581
-11.8259004709016
-12.218918332006416
-12.485179416717628
-12.59460894747131
-12.5300108910859
-12.291039339514676
-11.895121445626565
-11.374880580668835
-10.772829337044326
-10.134947500266193
-9.504851482946943
-8.919704145451542
-8.408221779611477
-7.9904967173917605
-7.679037402054851
-7.4803937591613145
-7.396862709532251
-7.427937818904957
-7.571313241334543
-7.823350663331763
-8.178973995481151
-8.630988660304778
-9.168858115107973
-9.777039566779854
-10.433115270425354
-11.10617068857465
-11.75613523959836
-12.334999535649647
-12.790732664255861
-13.074104370270096
-13.147432281442043
-12.992949056320676
-12.617870383068672
-12.05404918284925
-11.3521447178275
-10.5723710421074
-9.774878533317978
-9.012311993425078
-8.325709525622868
-7.743570668838452
-7.283163655740635
-6.952985912775781
-6.755498100143235
-6.689567599526719
-6.752330841644011
-6.9403621345666835
-7.25012340281749
-7.677691363814116
-8.217748944224995
-8.861823493812876
-9.595801315370215
-10.396903700522898
-11.230630204372078
-12.04866622370427
-12.78927413988136
-13.381853664578374
-13.756594981766638
-13.858117565345983
-13.659298318569892
-13.169918203692196
-12.436062285623336
-11.530202333260023
-10.536023979723863
-9.533619434987386
-8.589181008617135
-7.750489648316228
-7.047215434541781
-6.494109960923574
-6.095296435887851
-5.848444418103149
-5.748206040384318
-5.788703746255798
-5.965079250127874
-6.274186692556312
-6.7144934835332695
-7.285182354379526
-7.984362370349167
-8.80623680278468
-9.737110633808292
-10.750363020974783
-11.801104138613841
-12.822254115355122
-13.72497353437261
-14.406845899683814
-14.76951182056901
-14.742791492219844
-14.306625780867948
-13.500218455139871
-12.413017753387427
-11.1617315414933
-9.864012584859903
-8.618561021587922
-7.495695674519852
-6.5370677976029405
-5.760811253494942
-5.168623438654369
-4.752532279796034
-4.500330768730818
-4.399460208122376
-4.4395146549697255
-4.613661493516992
-4.919247828743193
-5.357764974065529
-5.934207769911256
-6.655703762096856
-7.529106435486902
-8.557074628433826
-9.732088980164267
-11.028105054617226
-12.390500785620382
-13.727068870915145
-14.905877400254854
-15.767968924585386
-16.15992745061108
-15.980153009095142
-15.218324666708485
-13.964470394838585
-12.380737393776219
-10.65240934867025
-8.943505665808104
-7.372341775923926
-6.007413079649232
-4.875780685520689
-3.9758019076078432
-3.2891419573926206
-2.7900215579870253
-2.4514629252370104
-2.249063528184353
-2.163006097921524
-2.1789403292913994
-2.2882237801168386
-2.487861046907521
-2.7803541244431536
-3.173572030050392
-3.6806516367617417
-4.31983254378955
-5.113974885287317
-6.08926606091668
-7.272241898589557
-8.683714756895291
-10.327663332262624
-12.17320180558534
-14.129918760198834
-16.023524191174268
-17.590478775309943
-18.5188591087341
-18.547146429069524
-17.582152356600595
-15.754670346124028
-13.365083722012745
-10.760878994771641
-8.229871351773292
-5.954099574815025
-4.015280045754069
-2.4230094443692147
-1.1444413297338474
-0.1267389671191433
0.6887133191147642
1.3585458212823975
1.9339381306343666
2.459748146568522
2.975060186612826
3.5143851385136036
4.109007295097597
4.788105259392428
5.579292957580262
6.508137156930772
7.596018691632366
8.855465098918826
10.281966697986782
11.841738476631349
13.456726901671985
14.992261448610655
16.258497924581505
17.039305118245313
17.15242265486542
16.519936451448128
15.207531548144285
13.403697264366015
11.352158371134486
9.279740761060653
7.352604256814126
5.666214999516141
4.2567495480580115
3.119795810393859
2.2277491444312147
1.542728028584532
1.024869807004953
0.6369894019096739
0.3467360528386466
0.12718511862437074
-0.04346107369350571
-0.182618047203615
-0.3042369506618624
-0.4197436815781034
-0.5389284106052382
-0.670765787595738
-0.8241770631584506
-1.008762999801117
-1.2355455068036794
-1.5177588381798606
-1.8717275666521547
-2.3178537992409365
-2.8816982419584147
-3.595052830451187
-4.496714906299544
-5.632288013860519
-7.051593472285577
-8.800987030950221
-10.906034957841838
-13.338625640690344
-15.965591458888575
-18.49182406922254
-20.44589130201799
-21.284399657698344
-20.633181810466294
-18.516915612279192
-15.361023731024757
-11.758615977436179
-8.216895253951092
-5.043448617280461
-2.360773924566508
-0.169667515937947
1.5915809493158481
3.0079020385287287
4.16578135403029
5.142990586371129
6.00461768326521
6.802146824486842
7.573713686482812
8.34451518199026
9.126882781169256
9.919915125389037
10.708927604802588
11.46535816032365
12.148108382546667
12.70739736799201
13.091767457643218
13.257726315923943
13.179917732608937
