1.0
1.793393585983225
2.6842260121534576
3.7785830816492045
5.188309497810476
7.042554907944057
9.494860815370116
12.721261465154033
16.896362747117095
22.117840988129974
28.224821029320328
34.44782772787704
38.95102298416089
38.79782237298668
31.45320598476501
17.745173702493904
2.584595525425185
-9.00609217144638
-15.508170586223278
-18.171672079738894
-18.753387467804803
-18.43226210034578
-17.76606098929925
-16.937427034921964
-15.962938307770155
-14.818396292975857
-13.502532763424234
-12.059779134430338
-10.574948725378963
-9.15129245595999
-7.88447761272052
-6.843265212734603
-6.0620806330852295
-5.54440293015069
-5.272272429427447
-5.216991046680686
-5.347857873828175
-5.637790043994876
-6.066006306725255
-6.618480117343945
-7.28687716830931
-8.066467656693442
-8.953236448472287
-9.940203252512656
-11.01286964952253
-12.143800816811527
-13.286730448693401
-14.371365514219594
-15.301270403889989
-15.958476608948535
-16.218742337068612
-15.97897714684807
-15.192076982786803
-13.896155671142274
-12.221276477385981
-10.364166339804333
-8.53860660306353
-6.92376236790724
-5.632255820620373
-4.705767516207827
-4.13108684431099
-3.8636733032321526
-3.8486166505398174
-4.034672579624565
-4.381417321179689
-4.861426259596736
-5.4595195914584895
-6.170544712986377
-6.996492346483526
-7.943195693131924
-9.01646878743008
-10.217280658557486
-11.535450654727297
-12.941487715797317
-14.376821973713485
-15.744136467005122
-16.90204187367751
-17.671428912206693
-17.862150162191643
-17.32374647434969
-16.00932904876027
-14.022695285448345
-11.613479385350926
-9.109685739268118
-6.818847416827036
-4.949990327159986
-3.58861116006415
-2.7191040584269803
-2.2676537162465915
-2.1416531038228315
-2.255261695031746
-2.541379869074773
-2.9545020541921034
-3.468874258220702
-4.0749209296692825
-4.775492843441329
-5.582520781524007
-6.5140743227090345
-7.591456748385723
-8.835680621787809
-10.262386555258836
-11.87400056864604
-13.647837884267826
-15.519423520377993
-17.362442996620377
-18.971714372158615
-20.063692059073833
-20.316207097507945
-19.46323099175729
-17.42661852421929
-14.413653743682705
-10.892061970932593
-7.426735801330997
-4.475813934897835
-2.2721154724835233
-0.8308397817651374
-0.03207845026045297
0.29152687854516496
0.2976672639939047
0.10964833574104463
-0.18762712320785438
-0.5422871411171002
-0.9275969527434278
-1.334696270244762
-1.7670130198128884
-2.2364448216332695
-2.7610482689802547
-3.363887164002443
-4.072690468751613
-4.919971206842884
-5.943202119130472
-7.18447261235678
-8.688685683437312
-10.498685402287144
-12.64465181773972
-15.123767967450243
-17.865412262588563
-20.679690310084077
-23.198954860383825
-24.850395121714847
-24.936613171790455
-22.89916255930006
-18.706613441195344
-13.07455346783468
-7.212846983733645
-2.2246769856833195
1.3405066609513905
3.4986543902689142
4.575133901444605
4.9566650701451405
4.9636315172535665
4.819515574416357
4.664884280753106
4.582104619895737
4.617205773566862
4.795832484469033
5.133918208411224
5.644408158895491
6.341117947991706
7.240362149299876
8.360501095202267
9.719028582435133
11.326234845765127
13.173904086105615
15.2172977272574
17.34978838401072
19.373800584469823
20.98141894261159
21.772277079016305
21.343387207884934
19.458527618652727
16.227620922137483
12.154753303949013
7.966241753255128
4.313760772984908
1.5599550728855056
-0.2441335955655836
-1.2486377224349645
-1.6755179564192342
-1.7341184756879362
-1.5864781012447073
-1.3434167056884625
-1.0735163790921167
-0.8148455102530464
-0.5852482490718067
-0.3901076287059317
-0.22771903150556397
-0.09276669475917113
0.021583987205438908
0.12255035877392798
0.21722857918680075
0.31249257822572085
0.4151441646693126
0.532222480987623
0.6714255551199867
0.8416292183105775
1.0535124010691879
1.3203156297494232
1.6587731149958433
2.0902679379707196
2.6422610747621884
3.350028041986818
4.258677624931822
5.425272053291349
6.920504822856916
8.82859346234889
11.24238480574504
14.247465341655035
17.883634423830337
22.065361952214626
26.442876948548673
30.219321256598207
32.05597020544978
30.384917335103637
24.39118470666011
15.107703124369152
5.199299995433124
-2.7978293369953957
-7.88929014715864
-10.469153196814766
-11.431139515491493
-11.561057507134217
-11.369206881368271
-11.134919380359314
-10.990747080650275
-10.986649646420512
-11.128396600753975
-11.397992661317799
-11.763704056121188
-12.18468814153485
-12.613296843378121
-12.997044793580855
-13.281619491879429
-13.41576216393233
-13.358083341809984
-13.084828918090684
-12.596543367535775
-11.921065177413123
-11.11092501977698
-10.235056748512882
-9.366980477874566
-8.573014230596046
-7.903803985647498
-7.390804274372281
-7.0473619137447185
-6.872755642079355
-6.8572608187491335
-6.9867555979328495
-7.24607667935886
-7.620911697893195
-8.098354333125027
-8.666374726916493
-9.312460805833192
-10.02165153996998
-10.774179762132043
-11.54301527549208
-12.291774786789784
-12.973731647228622
-13.532930048901553
-13.908488456477775
-14.042760539247976
-13.892840895245024
-13.443042357578335
-12.714202774006266
-11.76535804104907
-10.685473941496811
-9.57702009224593
-8.536889908667252
-7.641087231607569
-6.937247101062067
-6.4452624615945995
-6.163412325388616
-6.0765356367998775
-6.163548892272031
-6.402923304144311
-6.7758321102111525
-7.267278905635834
-7.865694322866427
-8.561426237936333
-9.344406442008513
-10.20115838980997
-11.111288689699519
-12.043729279782228
-12.953318432823595
-13.77882748034824
-14.444135822330377
-14.86456654176259
-14.959783135599102
-14.672466343690294
-13.988347482956376
-12.94977571056476
-11.654891737996584
-10.239645662487433
-8.848279018754722
-7.603818287407406
-6.589213717981908
-5.843181234045075
-5.367790423889028
-5.141518261671426
-5.132162312029865
-5.306543094104162
-5.63627257897655
-6.100185064646405
-6.684415311122874
-7.380973869869355
-8.185351442741574
-9.09337228479898
-10.09729536251961
-11.181081691029364
-12.314873799125984
-13.449170908856832
-14.510035152628427
-15.397896445070948
-15.993688819083895
-16.175988955333985
-15.849843460648083
-14.981245961323866
-13.623331026823344
-11.918051642552244
-10.066357544425559
-8.277348638056452
-6.719315416643772
-5.492491788621373
-4.6285646721356795
-4.108428137805726
-3.8854907146609587
-3.9054349818731637
-4.118972744599585
-4.488048661800529
-4.987454925726899
-5.6038007009184065
-6.333178920780951
-7.178223500835021
-8.144733655082376
-9.237675406726193
-10.456136486238222
-11.786736673523114
-13.195205370273765
-14.616587652118264
-15.946173478772337
-17.03591094410393
-17.703985960492354
-17.76570686307328
-17.087279685070538
-15.648149885041422
-13.579967667506487
-11.149927915553576
-8.685417676781766
-6.476932469590667
-4.7095294555327545
-3.4478262784546874
-2.66359691677465
-2.2786317431696466
-2.2014915694142574
-2.350184866738356
-2.6621315488058306
-3.095961833020031
-3.6292810320973206
-4.255052686553705
-4.9779347786669925
-5.811023934671582
-6.772929133582873
-7.884749199172008
-9.166244724142242
-10.630215612708868
-12.27385723177121
-14.065892352174291
-15.929120251348268
-17.720705763672417
-19.21820627585967
-20.12761273715868
-20.13487313638084
-19.01094001431024
-16.7405934402341
-13.595899900747767
-10.076986320840067
-6.731615439701978
-3.965914617431257
-1.956945958970494
-0.6827413699796758
-0.00905543636358735
0.22990097071303509
0.18298320665154208
-0.036759355010234106
-0.3533663700294168
-0.7218340373892167
-1.1203810270165486
-1.54365054389297
-1.9976152089585026
-2.4961747628666324
-3.059160721270052
-3.7113958681830446
-4.482451803521576
-5.406725482113832
-6.523356450055056
-7.875262733950047
-9.506095632052721
-11.453101262524973
-13.732712474556399
-16.314546076457777
-19.079871657145045
-21.766520522872476
-23.920500822316576
-24.90878103898321
-24.075343757919658
-21.07076779742628
-16.194687291398647
-10.417905569190053
-4.941857572254301
-0.6282420943473139
2.249245205093859
3.868917249982751
4.593954895555614
4.780661298544019
4.7010964227077645
4.536661287465888
4.3981956871805234
4.349357945485369
4.4254526942479195
4.646698934165598
5.026970861474896
5.579236966079013
6.318592268971769
7.263346104437023
8.43416246502359
9.850719369894577
11.524733047200474
13.44757083832883
15.570465885101381
17.776660140167163
19.849815982794908
21.454300400503165
22.159118459905148
21.543680766847583
19.38856485745242
15.863591482795117
11.553106116381192
7.239540843450982
3.5785472654514594
0.8952661904425692
-0.8072540853402559
-1.71495656492393
-2.0679568981555367
-2.0806919566125925
-1.9135908874107064
-1.67367120016741
-1.4258881847798923
-1.2058327860352815
-1.0303008009942058
-0.9050644440654362
-0.8301960258822526
-0.8035347891420322
-0.8228547439420397
-0.8871852748989533
-0.9976266357152043
-1.1579099453987878
-1.3748802897632089
-1.6590305423438982
-2.025178383357357
-2.4933533211591214
-3.089934476554458
-3.8490366524674777
-4.8140502188700856
-6.039037939662081
-7.58925928443229
-9.53920748635311
-11.964834855095683
-14.923631418533608
-18.411835143801643
-22.284564222055895
-26.131884131103504
-29.146295866618114
-30.122720125240033
-27.842680930030358
-21.922258711275937
-13.516405326596571
-4.889917926944521
1.9912916504157718
6.410292055288538
8.707107254227695
9.607562638342069
9.765706301765832
9.625629836873527
9.44589720882807
9.361190572785286
9.433101307596703
9.682405563666398
10.107026075679029
10.690755785565424
11.406290127918089
12.214826877237964
13.06390349378427
13.885164400697539
14.594171116113115
15.094800099812405
15.290524949628354
15.1030615881258
14.495057917924587
13.488959219824492
12.172183162696301
