0.0
0.028038011454743463
0.07777972956067042
0.16540959653834475
0.3218492737592371
0.6035007002809125
1.1118199425862396
2.026853354942808
3.6607578544874277
6.531534014801219
11.428174203747925
19.351689456989654
31.055521838069414
45.88846507747991
60.508330645392796
69.78812453749447
70.90848350370992
65.85928433524276
58.79946686876383
52.61630194185973
48.27108191772756
45.66800909541302
44.39806626711488
44.046152771283296
44.25951402501785
44.743906208031646
45.25627034315914
45.60887734929054
45.67870790855921
45.411375908601954
44.813433806125595
43.93449162467116
42.845741947419434
41.621726693550485
40.328967360360835
39.02146349295019
37.7410110747176
36.51996992039601
35.384743053131416
34.35904406359667
33.4666229340724
32.73341408088707
32.189120053756064
31.868126700203977
31.809411093480936
32.05478897503141
32.64452697157887
33.60920317486188
34.957120211191246
36.65810463626447
38.62753525551867
40.718233092348505
42.729769554602655
44.440739049669176
45.65809964171401
46.26466882942866
46.24269568507805
45.6636679095244
44.65339885715562
43.35192403835053
41.884184492837676
40.3467528967123
38.80729986150432
37.31066460712265
35.8865915076634
34.5565496498156
33.33889208422637
32.25256110562993
31.31983300689042
30.56853040801398
30.033904449693143
29.760067086258136
29.80041333680194
30.215872160252182
31.06909798665083
32.41215285212658
34.265629209018954
36.58993223958007
39.255868582696756
42.03056030499206
44.59912927827777
46.631714134501294
47.876621836728276
48.23364247845319
47.7667020242605
46.6543488850783
45.1142323390057
43.34201071976986
41.48254493931686
39.628396174714275
37.831988190383676
36.12034574215582
34.50703649870815
33.00017531377097
31.6072928588815
30.338313672829866
29.20769539132908
28.236446085547854
27.454439047857203
26.90318204271192
26.638872264548283
26.735017191790437
27.282912987965254
28.386681036240173
30.147574990465216
32.631215724710046
35.81475323239675
39.523881512824225
43.393085871681926
46.90059691110236
49.506998551366145
50.848623556366604
50.86652518503566
49.78427277272049
47.966965012550354
45.76975674876499
43.453202443012174
41.17054305133444
38.99343656028776
36.9448806273578
35.02446221681212
33.223394544670086
31.531874777498718
29.941986707051708
28.44851593620187
27.04905942537604
25.74412986663812
24.537592500428058
23.437632357106928
22.458441734470334
21.622881066054543
20.966454219050807
20.54298577341426
20.432249709198402
20.74914831001945
21.65220781763297
23.34504543637258
26.057038067322726
29.980330814615254
35.14039437015953
41.213218009030165
47.396744639154456
52.53529975532521
55.58814678284635
56.16581892850679
54.66546966498898
51.91368830259131
48.69695210595344
45.5205793284264
42.61180500437858
40.022758117202756
37.726595858257674
35.675173374094435
33.82485578655357
32.14448700724289
30.615774227925026
29.23158467769473
27.99454763705034
26.916797680720197
26.02105836246408
25.34304398716657
24.93501308589092
24.869973245865587
25.2452151603394
26.1821795024782
27.816876836222487
30.271822641544656
33.59983191607967
37.69963444450137
42.23186768097199
46.60461986493248
50.10377199744532
52.15513141088918
52.5632735603408
51.549161536080476
49.576228182344515
47.12153485687769
44.53594500592905
42.01824551193062
39.652483652151034
37.456977711215515
35.420877126068575
33.52481080406252
31.750094618966564
30.081628597766393
28.50799710850581
27.020660655866145
25.61306886733373
24.27996885305027
23.016942174123148
21.820123667613803
20.686045019251104
19.611559075413915
18.59381802635591
17.63029375362381
16.718841575217926
15.857821363490176
15.0463057030315
14.284427712599944
13.573957498455346
12.919255513657927
12.328847978780745
11.818025610752018
11.413110786310565
11.158395223875331
11.127203627670703
11.438899601532508
12.283212438876731
13.949987423856061
16.851581331291328
21.498661240260073
28.345754903729873
37.4030075156102
47.666687778953516
56.892444983721525
62.50747467182333
63.35777909823012
60.43331978588643
55.768783786439066
51.01827054746557
46.97365244005536
43.802722604174136
41.399856591091265
39.59917874513708
38.25940665137659
37.28260903771713
36.608648396404476
36.204020718602266
36.051337078068144
36.140614114258746
36.46198308042397
36.99931831229403
37.72474346567678
38.59461529504888
39.548129262172324
40.50980444488838
41.3964695780241
42.12795543631809
42.63901133451575
42.888972273261246
42.866216431772735
42.58639670278421
42.08576054655765
41.41232138586099
40.6176558641835
39.75105237845289
38.856445975545455
37.971663803104484
37.129147568737274
36.35736672094651
35.682354125823615
35.12901032603536
34.721954473763546
34.48574047560981
34.444230845129994
34.61887567859257
35.025645396960776
35.670504569548214
36.543694478776764
37.613776210045124
38.823275565954276
40.08846892533603
41.305662108148034
42.364618345697735
43.166750839337105
43.64275690211913
43.76363183669295
43.541479014470646
43.02092780130934
42.26553361790264
41.34435855264613
40.322267923
39.254982991997636
38.188082725019136
37.15843766269413
36.19669044620775
35.32986943049059
34.58366486346698
33.984169591874334
33.55897632992117
33.33747650180136
33.3500745994609
33.62587961980169
34.18835368090949
35.04854375522435
36.19611351762281
37.58960800317846
39.14911118405278
40.75591388884163
42.2634878205448
43.52056468693707
44.4009742930249
44.82964581681138
44.79434588329574
44.339348893849966
43.54591648860635
42.50921244717304
41.31995858104227
40.05437643253488
38.77162235728532
37.515929810863454
36.32072610476119
35.21294820753543
34.216751590023044
33.35642530943919
32.65858284113323
32.15369687945264
31.876884620394158
31.867583696419608
32.16742986229533
32.815339587684576
33.83872557414017
35.240338404362454
36.981973221649966
38.96945475918873
41.046954586371804
43.00985016693325
44.640121791016966
45.756192708543026
46.25719518855127
46.14099538380883
45.48927652977408
44.43104823741045
43.10402875637265
41.62812820691001
40.094599352430535
38.56684607547943
37.086877643187144
35.68289534572498
34.37579188062138
33.18401833694953
32.127089449053756
31.22821258719406
30.51642886784202
30.02841403640035
29.809748364005852
29.915001308542546
30.405354258254143
31.34177253135799
32.77129982374198
34.704786027178216
37.08771470030602
39.77277487560917
42.51134818844374
44.98330848562108
46.870175472874834
47.946813812496295
48.14465011632191
47.551765437746134
46.356492213932434
44.773332362308714
42.98800379261294
41.134522347922385
39.296933507558236
37.522254082304926
35.83469781902927
34.24677535458574
32.766601360708705
31.40233361257575
30.164953926228783
29.070368586724157
28.141477672435602
27.410575213106476
26.922171381352324
26.73596291031769
26.929045572514212
27.59535593329103
28.838639483537545
30.753361898235045
33.38764317633219
36.68743295671341
40.43655556340909
44.231019881155646
47.53726634208686
49.84826539111488
50.86909501590022
50.612541689032284
49.343741846314245
47.43051014482261
45.20595692678775
42.9028654555481
40.65249685481159
38.51320181281726
36.50163564586794
34.615275655023154
32.845313741339815
31.182753541244747
29.620728441650904
28.155135373683148
26.784772871430736
25.51158152074951
24.341287835497837
23.284652349156776
22.359536497348746
21.594072298711556
21.03128890328422
20.735525881249185
20.800633356243026
21.358870887812515
22.58673503409083
24.69854462753418
27.910289472778814
32.34981744016011
37.90213314264803
44.03896917274176
49.785472800435286
54.00010999326953
55.9089629777203
55.49124883594416
53.374094481121794
50.38759765479897
47.18889173156322
44.14482908318073
41.39258370391251
38.94302896467382
36.75807601439381
34.79179145406158
33.00671976371388
31.37773688483724
29.89121871603029
28.54336419744653
27.339226550484213
26.29295028328434
25.429323248888238
24.786632562108064
24.420689712190967
24.40951863320981
24.857265258031592
25.893975492209137
27.66471660103991
30.29782964570332
33.84170063265859
38.17126493228511
42.89932511814888
47.373048551449926
50.83520596131553
52.71848960623446
52.88564892720744
51.63167800346099
49.470643907829576
46.89415940266209
44.24296976073763
41.6976617936684
39.32620998580697
37.13612652742863
35.110436457872105
33.22673739448147
31.465034211465845
29.80975664191438
28.249388379874496
26.7754451349355
25.381513782488717
24.0625575155703
22.81448752184328
21.633945474202157
20.518246094315273
19.465454583986883
18.47460523340794
17.54610360991671
16.682400731944252
15.889093245591786
15.176702729829845
14.563537619847823
14.080260688686947
13.777074141050734
13.734722142765072
14.080505744713964
15.009340456072731
16.805430451550997
19.848206214803756
24.56199324291713
31.238838350327406
39.679440706616234
48.77688046080545
56.52257258944143
60.915299508219995
61.263553188889844
58.516267593977396
54.327126293351505
50.0148104605565
46.22975653420619
43.13229812438838
40.65686943696245
38.68039235475183
37.094595931740464
35.825442603116166
34.83147843792304
34.096569400440174
33.62266058729095
33.42369379714364
33.52007683053649
33.93256791328289
34.67449416539654
35.74178353546011
37.101515882650034
38.681638988029015
40.366596555107876
42.00436119070712
43.42777886194877
44.48669386743693
