1.0
1.0648092328847705
1.2518546798105084
1.5628982960022906
2.0149982042860777
2.639819432786971
3.4842984766896987
4.611786966352637
6.101951116026415
8.045605642444235
10.526343434114
13.573947495377226
17.07019576279021
20.60835995144512
23.396799888707903
24.429458183683238
23.04270763189892
19.4366633374886
14.542377222383838
9.396152864137223
4.6906493647004766
0.7237325773329435
-2.4615188021039853
-4.936690185656734
-6.804196288006635
-8.160387154627148
-9.085488348092833
-9.645816289788161
-9.899810601847529
-9.903395072996034
-9.712692615863356
-9.383860211023674
-8.970923537360497
-8.522928723236967
-8.08156150577625
-7.679877105536213
-7.342248045253554
-7.085271639756257
-6.919229883578903
-6.84970824398108
-6.879072617140281
-7.007610264122088
-7.234225295726137
-7.5566315935088015
-7.971013014094912
-8.471138033370037
-9.046948476905417
-9.682721001983733
-10.35505870728162
-11.03122523245357
-11.668645552095963
-12.21661477304829
-12.621105499113979
-12.832752647597331
-12.816634632810953
-12.560975257748172
-12.081448732581284
-11.419100620870827
-10.632482516734864
-9.786874316584768
-8.944114230183036
-8.155531205199347
-7.458762033446383
-6.877858974774603
-6.42547711342401
-6.105948145058685
-5.918374186018738
-5.859246615203805
-5.9243800760567495
-6.110119388171782
-6.413844145998766
-6.833793065295594
-7.368187718591113
-8.013583503482888
-8.762353773656168
-9.599282201937347
-10.497487264908745
-11.414424624059002
-12.289509691010332
-13.04569239726542
-13.597366607645476
-13.865322856001091
-13.7958077836659
-13.376866976853728
-12.644356740558404
-11.674210413895379
-10.564336829093016
-9.413950914032828
-8.307537361959428
-7.306703303384454
-6.449260152728517
-5.752920067872583
-5.22090469156047
-4.847581011060792
-4.623158778459316
-4.537149752350652
-4.5806549711489
-4.747687907001724
-5.035746563128548
-5.445777550751464
-5.9815646851609054
-6.6484392225843
-7.45106105251907
-8.389890906188459
-9.455947648112831
-10.623706518872051
-11.842845814886932
-13.031272357918253
-14.074210125058157
-14.835523022494453
-15.184768123653253
-15.034743009165688
-14.373618580118144
-13.273533853030745
-11.869652005221567
-10.321250385709979
-8.774204089171048
-7.338116285249343
-6.080122527060999
-5.030150875050363
-4.191095583232143
-3.549279882488965
-3.0829789636076246
-2.768437893590384
-2.5836536424180125
-2.510474450704837
-2.5355752619221685
-2.6507642394398165
-2.8529475989520408
-3.143960991635486
-3.530372572263854
-4.023267529792965
-4.637919541405164
-5.393115502238011
-6.309694116397964
-7.407559192063835
-8.700046165664077
-10.184218226795311
-11.825964799520321
-13.540803806148526
-15.17656197381448
-16.51241489917122
-17.29355627363114
-17.30794887442697
-16.476009547928463
-14.895318735434753
-12.804660411495227
-10.492986880765812
-8.212574933581115
-6.134271377888259
-4.34428178226494
-2.8632095695250013
-1.6699742253634493
-0.7217690051203354
0.03228282523078849
0.6430801126025965
1.1575728892149566
1.6174314558452647
2.059268338132529
2.5156644465355456
3.016500475715885
3.5902433530997158
4.264885560928625
5.068180892949101
6.026655752401056
7.162609768687115
8.488032670562937
9.994325803272528
11.637556843329921
13.321710731181003
14.887698578166333
16.121847238146838
16.79714079781041
16.744489776582004
15.923101456205472
14.445200999907264
12.535736468858522
10.453558070059993
8.420487870394902
6.58582050019213
5.024784001736315
3.7554247759967483
2.759719634343026
2.0013739996877793
1.4381285894636162
1.0290796667308135
0.7383500236685361
0.5364173786838057
0.4001017957211567
0.3118905660449531
0.25902042983795326
0.23255466919377116
0.22657423744849414
0.23753095604531993
0.26377202632374697
0.3052270752590566
0.3632435847972752
0.44055846239284685
0.5413993727303034
0.6717172973690037
0.8395604566514563
1.05560815367066
1.3338894720466035
1.6927121025864824
2.1558115590839915
2.753679872019962
3.5249012264993147
4.5170183543530245
5.785808038708984
7.390581774713786
9.380987580923483
11.768155880189825
14.472906205985447
17.25501416551002
19.662824862120885
21.090589276054352
21.010909460009998
19.27887394431346
16.241712775244995
12.537237198003906
8.780080942333967
5.376385432546565
2.507773770512549
0.19805038706298445
-1.6134977409006084
-3.0206659121080444
-4.121319537031106
-5.003579712609022
-5.740603960857468
-6.389654277188981
-6.992996726756138
-7.579340816249422
-8.165211355111484
-8.756058093170749
-9.347177281166136
-9.924702532972727
-10.467026989888142
-10.947018742122518
-11.335247321134526
-11.604136393626488
-11.732543226322559
-11.70988324403241
-11.538769975134938
-11.235382706092278
-10.827387618795749
-10.349972724212806
-9.841076091169247
-9.336968211518643
-8.869023906540825
-8.46200591242338
-8.133722713334846
-7.895653502354805
-7.754063389591414
-7.711195660472872
-7.766249040369434
-7.915969218472746
-8.154784425894194
-8.474494876398465
-8.86360002490501
-9.306432120933865
-9.782365933025313
-10.265477704328648
-10.725084165738508
-11.12753224355195
-11.439365434249243
-11.631562939011932
-11.684050676036874
-11.589347966962517
-11.354266190748323
-10.999082385064085
-10.554386271929182
-10.056493015987087
-9.542623652402279
-9.046904505998159
-8.597781774145238
-8.216938804246473
-7.9194333833921915
-7.714604489279794
-7.607297891878556
-7.599051059639024
-7.688995122010002
-7.87433332432045
-8.150330705133735
-8.509807873047638
-8.942191960040319
-9.432264677348039
-9.958879786897361
-10.494093826003033
-11.003311804909638
-11.44707646081724
-11.78487743746194
-11.980743438768258
-12.009541030677012
-11.862236578067428
-11.548361498976575
-11.094739575146843
-10.54084795742299
-9.93230396547901
-9.314358570584774
-8.726883380191383
-8.201530718192311
-7.760977692260487
-7.419699982197338
-7.185588895554087
-7.061813862173571
-7.048510160366157
-7.144043939850077
-7.345730818541479
-7.649955164221506
-8.05166947976427
-8.543274663766207
-9.112927440770367
-9.742432660573852
-10.405091569258168
-11.064193474075468
-11.673164872285904
-12.17849220429034
-12.526074540183025
-12.670446757948103
-12.584656755579902
-12.267447017288564
-11.744815551881931
-11.065142725474145
-10.289696494204582
-9.481884008163842
-8.69839506833951
-7.983930152511099
-7.369597589395597
-6.874044413566402
-6.506087656430713
-6.26779542250956
-6.15732600320636
-6.171167954329496
-6.305653490486057
-6.5577350559884255
-6.925045118682619
-7.405236157252635
-7.994554213351398
-8.685576529287676
-9.46409954334939
-10.305379995228801
-11.170392809891872
-12.003481882419278
-12.733499558525791
-13.280617574855052
-13.569579907318662
-13.546995846119174
-13.196765708734649
-12.546757983929522
-11.663203459447278
-10.63516971636302
-9.55573896587296
-8.506536177048181
-7.549079023545005
-6.722870621489134
-6.048124632858576
-5.530669313984207
-5.167180117083415
-4.949704377641751
-4.869085731577479
-4.917278040910741
-5.088705753317553
-5.380852823450032
-5.794205980560249
-6.331575987567728
-6.996693668710432
-7.791845249745108
-8.714214885430165
-9.750637988562199
-10.870824130696224
-12.020051310436145
-13.114022507525105
-14.040545300764007
-14.673201847974676
-14.898550838780393
-14.64992779370089
-13.932653575874465
-12.826270551008337
-11.461764737025304
-9.985952526773637
-8.529552505463206
-7.188915503473763
-6.02201601575268
-5.053851475236251
-4.28570767361739
-3.7044766087385663
-3.290209193737705
-3.0214550005544227
-2.8786324844875932
-2.8459123335300225
-2.9121018526466207
-3.070928315143392
-3.3210042007205303
-3.665645846500748
-4.112613812534869
-4.673739343131815
-5.364278610052291
-6.201671300759785
-7.203149427933882
-8.38134910852055
-9.736816370969626
-11.24638815895102
-12.847610063614622
-14.422753737863315
-15.79211007195283
-16.731931209333034
-17.028244005388
-16.554770207851824
-15.333062366196362
-13.531609989753957
-11.40254918054729
-9.198562691333699
-7.114346867134877
-5.267038795946012
-3.704785531003154
-2.4266961220341594
-1.4028063796802754
-0.589349708721177
0.06131507732884407
0.5951387742964434
1.0538807835720088
1.4745564034393253
1.8900111536062458
2.330060932861177
2.8228206525975277
3.395943961789596
4.077508492733089
4.89619416383677
5.88020103734762
7.054036895245193
8.431948470895701
10.006664750789863
11.73298000190965
13.50873273004151
15.161833140683752
16.45910737785662
17.152569747707275
17.06013910807914
16.144465692047305
14.537763755219427
12.492139433399089
10.289127875357384
8.162520466192353
6.263350138607277
4.66221463415705
3.3700424956716857
2.361696672630745
1.5948938929408731
1.0227511540040897
0.600911710890898
0.2908662647174989
0.06091416306107022
-0.11418139887543752
-0.2541580061683557
-0.374431424903343
-0.48726942325473555
-0.6028669814672281
-0.7303001963892854
-0.8783764338351823
-1.0564184979050353
-1.2750290601192704
-1.5468824209604453
-1.8875845004721086
-2.316624457196009
-2.8584003371401243
-3.543210771092908
-4.4079126018493735
-5.495556930102095
-6.8525835305396114
-8.520919537720017
-10.52068222235564
-12.81832739783887
-15.279005439747884
-17.618093157080374
-19.397818051974664
-20.132048290857657
-19.500831158279762
-17.539734582030196
-14.632791431195963
-11.313127859143162
-8.04506429229046
-5.119311180799543
-2.658124746929501
-0.6677920495513531
0.908085604027595
2.1510767028154048
3.146169103606735
3.971025815512213
4.6917377742147375
5.361939469369959
6.023340653116733
6.706520817094294
7.431328343131006
8.206561404990236
9.028897997021456
9.881375659582455
10.732136251164006
11.534588528316304
12.230385430926061
12.756302814429102
