1.0
1.6895762715056684
2.452588715862023
3.3710882993578046
4.530693730254528
6.028891992755492
7.9806645172864705
10.518857255719897
13.781947107910678
17.87245143887768
22.753717016496797
28.0398483163728
32.67178071710952
34.68810541987093
31.741198564243486
22.93713199631034
10.60700895438114
-0.9525053787656022
-8.882859238453442
-13.024695239789603
-14.595283415972457
-14.80355817980429
-14.397162583117115
-13.73420179045346
-12.95371975046114
-12.100435845361257
-11.193393396966787
-10.256505499260596
-9.326509369218622
-8.448703321916437
-7.667861173344866
-7.019677670243808
-6.525850281833024
-6.193524839852013
-6.018054860774218
-5.987303632942198
-6.0859153364898315
-6.298607993967808
-6.612161460633064
-7.016171874468986
-7.5028075745367
-8.065804886579196
-8.698871699434008
-9.393589794873321
-10.136871358224656
-10.908073829219024
-11.676053877433594
-12.39678118820102
-13.012620558944455
-13.4548753083554
-13.651277880328843
-13.539208487274012
-13.083033672071794
-12.290521119687618
-11.220824912033441
-9.977894030352346
-8.689296281850037
-7.478102715231423
-6.4390257331312295
-5.626790425179963
-5.057702582343212
-4.719805645678748
-4.585572263679559
-4.622791432508298
-4.801869838850183
-5.099619004477662
-5.50041183169871
-5.995674502528037
-6.5824311165053455
-7.261295037282058
-8.034016795776672
-8.900487386406894
-9.854973739555488
-10.881369527643605
-11.947471274302282
-12.998889798216293
-13.954331634501525
-14.70557636144099
-15.126833787530833
-15.097543123739406
-14.537754928673037
-13.445697377006699
-11.918316685042718
-10.13761206512749
-8.323052638820188
-6.671971289176595
-5.316422566996629
-4.311297832659
-3.648726308688008
-3.283707620786442
-3.1579657552329605
-3.216098092936149
-3.4137953816386903
-3.720389734399781
-4.118209816328988
-4.600543645235468
-5.169234127846819
-5.832336781046278
-6.6018655678895435
-7.491375552226498
-8.512913752825678
-9.672681439792687
-10.964626810144484
-12.361284207521718
-13.801859932541934
-15.17944535962308
-16.332905627359224
-17.053943024003395
-17.12238795609408
-16.37505902271142
-14.789473115101451
-12.534558767656273
-9.94035086341263
-7.388454888737823
-5.186457222250809
-3.4970827917754295
-2.3423258289993316
-1.6526918232975878
-1.3217201393790097
-1.2439452101091732
-1.3334483782476874
-1.528837726888138
-1.7912501046756244
-2.099858770760816
-2.4472365801991063
-2.8355434705457725
-3.2737808898275444
-3.7760256546652977
-4.360424204886016
-5.048674871780643
-5.865679628592312
-6.838955111312122
-7.9972071578231265
-9.367142793124504
-10.967085250699885
-12.795337910640693
-14.810887440908834
-16.90509254765973
-18.86793235273748
-20.364594055300433
-20.957374719381946
-20.217990794971865
-17.93683111665773
-14.326613988634893
-10.031743370947373
-5.864810224624665
-2.4511429811805057
-0.0446375940613955
1.4199751259651316
2.167380390952959
2.446880644361966
2.4650686820614633
2.3693928825398496
2.2556987838260403
2.1824168917955338
2.18389748746717
2.2807783249861444
2.4874040663441326
2.816904392724741
3.2845471402508024
3.9098013325577265
4.717280835696924
5.7363888961754625
6.998995153667282
8.533798655979774
10.355198408912724
12.443876156907145
14.717090693286508
16.99151718753815
18.95386914047041
20.173911038807965
20.204272125043886
18.77450472897528
15.987607860902223
12.352614072797245
8.579055227410143
5.272726934919667
2.750069076316084
1.0449877072439633
0.02305870193241448
-0.50394952526307
-0.7096314451500392
-0.7271144674837846
-0.6474540507476295
-0.52755719012491
-0.39984600497712863
-0.28057610408281086
-0.1760441782250229
-0.08683640837010104
-0.010538082952645562
0.05666446775907428
0.11913375865115519
0.18141903917607294
0.24820153989465193
0.3244330368929331
0.415603655939947
0.5281110071823938
0.6697287735691012
0.8501921376974642
1.0819324341803842
1.3810053377005007
1.7682646851925914
2.2708321930237485
2.923887820803665
3.772722810703408
4.874784141285682
6.3009406594680994
8.134107123402858
10.461130439411674
13.349729506467913
16.79619986978792
20.625527284347413
24.34046075354228
26.9886163562482
27.26764539038303
24.148187694031098
17.829545861427572
10.018960048035973
2.8855598602686245
-2.2678223866963436
-5.315353086738664
-6.778510261396953
-7.275832329775116
-7.280602153518848
-7.0932322619723385
-6.886031657430266
-6.751175303247907
-6.734291275334473
-6.85469543881261
-7.116615641396676
-7.514816223801983
-8.036749400524814
-8.662560091809112
-9.363935902003163
-10.102769691258015
-10.830729477731287
-11.490912702537877
-12.022544418709959
-12.368921327178223
-12.487484628166298
-12.359435943859927
-11.995544144163246
-11.43552276026865
-10.74060895550576
-9.981674731327953
-9.22679918153039
-8.531901982109705
-7.936223889966287
-7.462381078428219
-7.119428278102648
-6.907101723745478
-6.8198403889622465
-6.849822559838575
-6.988779955841286
-7.228658790715447
-7.561317595794378
-7.977470160058574
-8.465078695941623
-9.007438719912972
-9.581309079165758
-10.15562656763126
-10.691543941335796
-11.144596839147985
-11.469531611949622
-11.627553476317075
-11.594577578930059
-11.367996534919984
-10.969290351643956
-10.440985143819097
-9.838642473279247
-9.220547180423413
-8.63840907365054
-8.131473745662282
-7.72471511939544
-7.430292403205352
-7.250777265919702
-7.182745504442264
-7.219804934291499
-7.354640760589573
-7.580016537346517
-7.888846573344162
-8.273504116211543
-8.724522416124874
-9.228846836937757
-9.767855064641298
-10.315512445116866
-10.837269723721134
-11.290569684012215
-11.627924641481457
-11.80317440898648
-11.780497284577066
-11.544150979965544
-11.105531998359638
-10.504134410750751
-9.801018236207293
-9.066656382912676
-8.367516693314894
-7.755855983664567
-7.265132457106636
-6.910781858867851
-6.694388024298068
-6.608963966574354
-6.643681238051765
-6.7872462425334135
-7.0297829495622555
-7.363421946531506
-7.781882864853894
-8.279286691591414
-8.848343668795303
-9.478000896606968
-10.150655889338651
-10.839199457851779
-11.504485331173543
-12.09432042018714
-12.545567140532377
-12.791028416620687
-12.77181334247985
-12.453432622617921
-11.840573647265403
-10.983542253792024
-9.971324563723847
-8.91229738783544
-7.910100242092078
-7.044235521692948
-6.361338277906929
-5.877085703526264
-5.58461481814592
-5.4646265430753695
-5.493915684214371
-5.651055845587904
-5.919333254613168
-6.2875988965273075
-6.749751036620079
-7.303361358846241
-7.94770293130024
-8.681217399948297
-9.498311120144253
-10.385334454786882
-11.315746337523642
-12.244913145426413
-13.105860393778165
-13.808558751059344
-14.24649427603973
-14.314032618107186
-13.93460305290234
-13.092424503564871
-11.852952566184433
-10.357166934393762
-8.787007086027982
-7.3168118741223935
-6.073698466584865
-5.1216897550682035
-4.468836938141289
-4.086528546375604
-3.9298061656401875
-3.9524755634072233
-4.115720778678396
-4.3915493893670865
-4.763022915935911
-5.222869589552175
-5.771474129451666
-6.414709029020663
-7.161682965076245
-8.02220362351783
-9.00354225771505
-10.105932389004385
-11.316188067188586
-12.599060639557521
-13.886817100064961
-15.069504104511642
-15.991727679332332
-16.465464643616915
-16.308504671073837
-15.408185624833388
-13.788123897303743
-11.63588656379391
-9.259488250486598
-6.986959054443987
-5.066288627681538
-3.617606807583789
-2.645208410900559
-2.0815566792074325
-1.8322047010154432
-1.806097878976058
-1.9300747386801012
-2.152531552327051
-2.4415325073287395
-2.7809372395962324
-3.166436812312905
-3.6022886303078634
-4.098945059869327
-4.671483885563099
-5.338617555043475
-6.1219836514492005
-7.045336241966906
-8.133117203262971
-9.407646060914844
-10.883803317689226
-12.55964432273508
-14.40113140973031
-16.319874659354742
-18.146065301022144
-19.607060799236937
-20.335944584916415
-19.945272773673658
-18.183534410049774
-15.12025466576477
-11.219491720773467
-7.188936000929826
-3.678884340213525
-1.050673986449686
0.6531376806676884
1.593366542480039
1.9987887397558646
2.080475461418749
1.9992877900847739
1.864664411445934
1.7454827412041147
1.6827979985640709
1.7006582055381583
1.8142352936581831
2.03559879232248
2.377699491711671
2.8570658359508685
3.4955410803164164
4.321144002721779
5.367790113563328
6.673095763541735
8.272724523710576
10.188726720558336
12.408427635448353
14.850963928371506
17.323694364508135
19.48506860174725
20.85445844975352
20.92376386190919
19.383336600607425
16.35308425788673
12.416534822851384
8.372277197731654
4.880247551440364
2.2619980945327494
0.526595668554922
-0.4908671044120465
-1.00182578486428
-1.1936085276552164
-1.2060644214138385
-1.1329895043444338
-1.032258607956053
-0.9368070565432856
-0.8636631141526984
-0.8205354453675604
-0.8102885640661482
-0.8338362714477205
-0.8919501101819413
-0.9863816037901891
-1.1205951317833707
-1.3003234180986878
-1.534094109861555
-1.8338315637205505
-2.2156065851681213
-2.7005797203749244
-3.3161463464831895
-4.097219110964719
-5.087426813470877
-6.339677638484578
-7.914856585980152
-9.876122552397906
-12.273978976634607
-15.11397071286087
-18.296228683254093
-21.521453470959642
-24.189132147995835
-25.390089240362194
-24.173936304165228
-20.153290416673524
-14.037725038824567
-7.412001183970094
-1.7929717999569421
2.108466215925526
4.372221068412944
5.448269188632536
5.810849200970173
5.818628912335941
5.703610582150848
5.602988435779739
5.593044841998279
5.713954565816214
5.985532528701436
6.4162845138909885
7.00775952146991
7.755460317400872
8.647047990591611
9.658391514215248
10.748229236656206
11.852898843343569
12.883700040283898
13.730519795379827
14.275261925115387
14.415904070438517
