0.0
0.02690549128115336
0.07204260514157036
0.14785563972681445
0.2774513390245491
0.501778875789918
0.892545368600144
1.5741031044517615
2.758433342426218
4.795185015021644
8.22543459879374
13.7847572833453
22.20690453094218
33.592077552068965
46.3742268853478
56.99490627723917
61.92139646596244
60.66502655956753
55.81115801868869
50.32325478885612
45.81622607547131
42.67690832405963
40.72410791392817
39.63646299723392
39.114818337767026
38.917798559761806
38.85943177922355
38.80234755025688
38.653495915188834
38.36057032016707
37.90644453499687
37.300866427587465
36.570688964141354
35.75075000025496
34.8770458033918
33.982764842337396
33.09681047775032
32.24399894218512
31.44612236802799
30.723292508851664
30.09522988865599
29.58233346026404
29.206433868628878
28.99111292028606
28.961387964500528
29.14244021771656
29.556956064777367
30.22063615221404
31.135657734842802
32.28254567037036
33.61213806913303
35.04088460853616
36.453708852431085
37.71760779275445
38.70509399136786
39.32077457703644
39.52075785345205
39.31688800901112
38.7653101066074
37.946221169541126
36.943926504996746
35.833310493960795
34.67406822571387
33.51078045678382
32.37601545988287
31.29426144616547
30.285519677744826
29.368188128722398
28.561289611307373
27.886227452432337
27.368205928460522
27.037307276468088
26.928995812513396
27.083517129440203
27.543284999132926
28.346995148737882
29.519163832929166
31.05463840304695
32.90011342759629
34.93898787364508
36.99021903172462
38.831473095797016
40.24708710581648
41.08452514422012
41.292259391623354
40.92023186482039
40.086818611207036
38.93387176755811
37.591151330369875
36.158989163807135
34.70636363417926
33.277114876807026
31.898208327454878
30.586873557241077
29.35574633972926
28.21629993841156
27.18119174327134
26.26610177217359
25.491471017247097
24.884365091850043
24.48049243396623
24.326132512257004
24.479274939255195
25.008522867623515
25.987251013234935
27.4794605993616
29.513902342277756
32.046716771815525
34.92261714052717
37.85876103450593
40.481531662503926
42.42519285937679
43.45320598357591
43.53035697988462
42.802349044903984
41.50775922706359
39.88511118857662
38.11858602747122
36.326242024337624
34.57266255449894
32.88793897959464
31.283448846436272
29.762042433422188
28.323612418693024
26.967781857471245
25.69512837598742
24.50784325223812
23.410326218043274
22.409991834731304
21.518468879944127
20.753358563797946
20.14073359936642
19.718558268258615
19.54110816857014
19.684106573089867
20.249371657731846
21.365805546703196
23.180092256373367
25.82599485119541
29.359498556135975
33.65867838093284
38.325475461292584
42.68182015125752
45.95367433670306
47.59961725535116
47.55503990312788
46.19195321807023
44.059137807179496
41.632623344105305
39.211385650786866
36.934247872643475
34.840109135561704
32.9211340597873
31.154923406109965
29.51947057121626
27.998229733051204
26.580800817703075
25.262305238667746
24.042870084110405
22.927784982976746
21.928561198235144
21.065053358998654
20.368825913802098
19.887913274519256
19.692840052145545
19.882894852877662
20.589645159813834
21.970991507120956
24.18414816833809
27.32384982411471
31.323435416573453
35.8537425965865
40.30632625826822
43.94709593392261
46.20584743138692
46.90959547855539
46.285422566353056
44.766505332439856
42.77810941466152
40.625137454252446
38.48131498343596
36.425810527285
34.484313494959224
32.65787460325733
30.93877421551965
29.31769100775284
27.786244505581983
26.337501173123727
24.965773692979372
23.666283305057757
22.434878126525746
21.26784346385889
20.161788984518438
19.11358954955109
18.12036245306779
17.17947245978204
16.288564399852792
15.44563156593008
14.649138627504463
13.898233145612647
13.19310450453788
12.535590193919141
11.930197906379213
11.385825568949766
10.91864552109498
10.556903943497861
10.348788109471611
10.374962664739638
10.767488098815088
11.735369427140647
13.590679837734564
16.75165915541108
21.664488653699344
28.552242138698155
36.96591947538313
45.428840803818744
51.82151175876227
54.65165433135072
54.03179462282127
51.279471185944324
47.807742399941986
44.48401649646973
41.63459646128226
39.283061533255825
37.34410035835046
35.72107190125758
34.34004653858817
33.15486618892448
32.142500318242796
31.29682782751032
30.623390994755184
30.135352097066253
29.85008191668841
29.785643381503824
29.95656338064281
30.368638715648274
31.013111198475595
31.861323081944988
32.86168243699302
33.940967910859946
35.011205825873745
35.98149552671871
36.77195545164545
37.32567574350939
37.61515443634373
37.641943204237606
37.43082168916361
37.021355757952506
36.459683355558845
35.79231073631028
35.062446076388966
34.30852671642225
33.56424193286973
32.85936112133038
32.22083955347351
31.673836969593825
31.242386728901362
30.949487683857573
30.816387148028543
30.8608342073442
31.09418130222229
31.51747812607039
32.117177338473965
32.861674514768794
33.70035626161984
34.56669787467311
35.38590542306205
36.08582218985735
36.60816484149022
36.91669439364158
37.000099327332975
36.869521053012036
36.55252247273
36.085996787700324
35.510035391424054
34.863746123712126
34.18308631649037
33.50025547426494
32.84405684626129
32.24071840811784
31.71480505417185
31.28996263465872
30.989279721169574
30.83504391982254
30.84763513044237
31.04329446155424
31.430616914597145
32.005940725590705
32.74840994766244
33.61627295611052
34.54656976248833
35.4601172302716
36.27214009704295
36.90634368944155
37.30807647164749
37.452113585780126
37.34288956987632
37.00829256575904
36.49034758293825
35.83627395746893
35.092056483885564
34.29903703231086
33.4929569834132
32.70452803754727
31.960723718568204
31.2862581721345
30.704956409471023
30.24085042211284
29.918858294460772
29.7648422076362
29.804728044323138
30.062253049904946
30.554881084011626
31.287648219564115
32.24538237473153
33.384994167298125
34.631077622648064
35.8788966502129
37.007501053454845
37.90151561141325
38.47482383674798
38.68684007737618
38.54511675178149
38.09494515379513
37.402344831069065
36.53788067013392
35.5658277585343
34.539424985434266
33.500620889135064
32.482183089530714
31.51055821849098
30.608619209652375
29.79799932710169
29.100999876750453
28.542131990240716
28.149287291685404
27.954373094571405
27.99300820939058
28.302570569055018
28.91759092026576
29.861416368718068
31.133665533096472
32.694856465918214
34.45293918080427
36.26008773905467
37.92853587231266
39.267493936800996
40.13011570498506
40.44938000391186
40.24551091473289
39.60431971185868
38.64156953981656
37.47125986703646
36.18739230037698
34.858987023756356
33.533224567389524
32.24155879246154
31.005686426535178
29.84220929884866
28.765962908735577
27.792414394332944
26.93957369718408
26.229746682096945
25.69129666769061
25.360379540049035
25.282327630104316
25.511897268569697
26.110896764738904
27.14083968656267
28.647677482505404
30.636563172760575
33.03901376138845
35.684101757193794
38.29589682906631
40.53924155456556
42.11193770289992
42.84210721013065
42.73317546569043
41.932344126999794
40.652199375192566
39.096433949062
37.419775155981945
35.72145811544512
34.05683300891433
32.45310281152518
30.922130523921066
29.46870019204433
28.09510645963907
26.803478969876632
25.596979764515382
24.480601595683126
23.461985512255566
22.552502431813082
21.768770333390783
21.13475701777653
20.684596177009894
20.4661513426557
20.54507758029778
21.008441351600155
21.965536521229733
23.541058016085163
25.852508013803053
28.961931069008372
32.79841697903047
37.072268510655945
41.2436320355886
44.62806552744869
46.648536460305984
47.09042441078667
46.16146172061835
44.32186947395492
42.04544364768615
39.67318075717624
37.38957116551838
35.2650953548086
33.308446277722446
31.503637970507032
29.82977559458906
28.269128840772687
26.809219413590714
25.442598272559213
24.166196426958876
22.981064185071496
21.892821955024957
20.912997689782195
20.061446660629045
19.37011940808733
18.88844703167923
18.690353771215165
18.882000444996276
19.60714214665057
21.042670677536456
23.370753201719804
26.710415323504584
31.00336161929428
35.89301050747356
40.70032429576666
44.60260889496158
46.97328577331253
47.64730906889683
46.907798567396
45.249779432007834
43.13783930032953
40.890915156800936
38.681488803963994
36.582013911862816
34.61134167084839
32.76535975492329
31.03294283122833
29.402678337237614
27.86495496805157
26.412146191251605
25.03821713054282
23.73828923804837
22.508325219834056
21.344953698000754
20.245415537579184
19.20761816239094
18.23030365308629
17.313363169937624
16.458365782543275
15.669420667780956
14.954568513701071
14.32801430262885
13.813683623640774
13.450808355563947
13.302473054140405
13.468057862489275
14.099643013165869
15.419096175671474
17.723642040294102
21.349792812449426
26.543580065006083
33.196515728872605
40.53453380391275
47.09487832805871
51.33436118970017
52.55774172365844
51.249979170778346
48.52210762508897
45.37476619925798
42.382112072259645
39.753226561644524
37.50057957354976
35.56667219340238
33.88751567754425
32.41528020733062
31.1220771417696
29.99739723207806
29.04466024198519
28.27860899830678
27.723607210000647
27.412178764692545
27.382746730197304
27.675279603546304
28.323523873894896
29.343062693400803
30.716094952305706
32.37675086467992
34.203973099809986
