1.0
1.0737881569838237
1.2857687067012367
1.638512473711244
2.1537258272584516
2.870961916771897
3.848273286766878
5.163306452803597
6.912081877474152
9.19943410901295
12.108534641261015
15.627807461871187
19.514182430840258
23.1241847280801
25.39695421991304
25.277250669676057
22.46355216076685
17.689609009790285
12.160050180221075
6.841940798948438
2.224441850028052
-1.562954829211236
-4.566997529139456
-6.888249144764905
-8.62411093695363
-9.852126588129497
-10.632906244592363
-11.020010991936985
-11.06937354315547
-10.844299212034239
-10.41500196509876
-9.85399995145056
-9.229927232344792
-8.60218910685373
-8.017858653409364
-7.5110389781676155
-7.104131517042774
-6.8101729114395
-6.635484050279846
-6.582104363231012
-6.649714687436539
-6.836916479833681
-7.141822858558461
-7.5619443002623195
-8.093346141514337
-8.729049035747375
-9.456680591761012
-10.25552261177221
-11.09339356738242
-11.924281837019487
-12.688194572823004
-13.314960010013774
-13.733151173595843
-13.883438891662417
-13.73295333207989
-13.285283171726332
-12.581528008942206
-11.691574846877291
-10.699182183213106
-9.686570479143779
-8.723112567927242
-7.859888145165221
-7.129370851239826
-6.548353775963205
-6.122225713512324
-5.849270126291332
-5.724276541226993
-5.741204884040506
-5.894893339672938
-6.181892868632332
-6.600502620079808
-7.150014630041152
-7.829088238424433
-8.633103385727232
-9.550349637144645
-10.557100651367604
-11.612146813162003
-12.652318321245744
-13.591764635248717
-14.328493734257234
-14.760486929016269
-14.809476846448304
-14.444520901269872
-13.69438021093644
-12.64171158488067
-11.401577652391898
-10.094469931669051
-8.824461915435794
-7.667761175447838
-6.6710675916224735
-5.856145035188086
-5.226877289831891
-4.776286955932523
-4.4923003548638105
-4.36193560242839
-4.374049635637794
-4.520939542891
-4.799086593641089
-5.209242303663749
-5.755925206287662
-6.4462392603955925
-7.287744807268507
-8.28492968843256
-9.433712891868632
-10.713551414438236
-12.077471525247276
-13.442174479935353
-14.683368921248126
-15.64425974759798
-16.163848213016166
-16.122221626250447
-15.484879981673041
-14.320811746681509
-12.781751975869954
-11.054719654833287
-9.31373128881878
-7.689840260348175
-6.2629396009994664
-5.068337167709328
-4.109339384456446
-3.3698997651756293
-2.824680322060642
-2.4460027179023145
-2.208135287575329
-2.0896337309411503
-2.0744105223062803
-2.15206321299642
-2.3178375642316222
-2.5724694209557146
-2.9220418876840326
-3.377902385921543
-3.956588771358916
-4.679587911402298
-5.572554006098573
-6.663296005034483
-7.977362254515619
-9.529443856339654
-11.308434686799597
-13.254890836713633
-15.234000258440178
-17.01723132868723
-18.298525519785127
-18.76976803442307
-18.24299756203439
-16.748333585912217
-14.529480941324048
-11.937766708579991
-9.304714411763378
-6.865315905706982
-4.744157886728223
-2.9781610807112964
-1.5484582306132129
-0.40715797034061896
0.504629926524991
1.2463629932131572
1.8729500609202667
2.432946685228878
2.968626486625212
3.5169785167037158
4.111009025098671
4.780908782457985
5.554705504477708
6.457966780847624
7.511967051341503
8.729528636190462
10.107645764939873
11.616383284392974
13.185115938205398
14.690721456261267
15.957460288585184
16.781006012444276
16.98158455343175
16.46993569149585
15.289487395167686
13.605086773694941
11.644687648108913
9.630467904407585
7.732560411575755
6.0545073532418145
4.641066124476913
3.4950572213327464
2.5942467774346074
1.9044517410255666
1.3882775903486855
1.0102420105778296
0.7393329705449052
0.5499229365959735
0.4217273374668132
0.33927635578689236
0.291198079162185
0.26948896477925494
0.26886589801672284
0.2862429219791066
0.32034620430514593
0.3714660704902548
0.4413397679420058
0.5331594357778171
0.6517041408312378
0.803601250533174
0.9977297218340458
1.2457848795889526
1.563028750230128
1.9692471297928011
2.4899136639428576
3.157498791231091
4.012708056597431
5.105092145731228
6.491755078318247
8.231518988524794
10.369627260105013
12.905391611553874
15.735549075237891
18.579545497056447
20.933464848126075
22.1516776259685
21.720469409307068
19.578036266526315
16.17607237609371
12.209707319973203
8.286545346808415
4.772598776819269
1.8098772123831752
-0.602537403939759
-2.5351554019182228
-4.081474811155894
-5.333587126167319
-6.3713715694678354
-7.258809283679782
-8.043606932816754
-8.75814543257431
-9.42084292113224
-10.037632406644557
-10.603609276332588
-11.105094041835521
-11.52239457155303
-11.833416913897832
-12.017964486507283
-12.062160033403707
-11.96210167160062
-11.725833145761907
-11.37307300015948
-10.932793681106704
-10.439371025726627
-9.92835041570119
-9.432792090241623
-8.980783739778088
-8.59426147924525
-8.288938701835885
-8.074973953240804
-7.957989618184258
-7.940120540593928
-8.020867270803258
-8.197616906819727
-8.465762461238484
-8.818403288413679
-9.2456571332795
-9.73367651626947
-10.263554062026342
-10.81042747131298
-11.34323354652412
-11.825646259699285
-12.218660811665277
-12.484939857183226
-12.59440938183143
-12.529871061270423
-12.290973691770379
-11.89513703067369
-11.374976441994644
-10.772997400090432
-10.135174553028225
-9.505121661429978
-8.920001164333248
-8.408530484569935
-7.990804052820242
-7.679332617668672
-7.480668289738888
-7.397109738946671
-7.428151781875027
-7.571489340858976
-7.823484468923973
-8.179061186268198
-8.631025050253376
-9.168839962045427
-9.776964155410791
-10.432981950453017
-11.105982216638244
-11.755899187186852
-12.334729510303681
-12.790448580205606
-13.073831123615694
-13.147196862799165
-12.992776408204874
-12.617779148748333
-12.05404884272064
-11.352234981524143
-10.572543227799388
-9.775118296269161
-9.012602390701486
-8.326033660781492
-7.743913351663493
-7.283512261985168
-6.953330493331461
-6.755831056135105
-6.689883098951595
-6.752624123034985
-6.940628847103737
-7.250359005119163
-7.67789063329734
-8.21790566542395
-8.861930417834715
-9.595850531672012
-10.396887531529998
-11.23054283029224
-12.04850588506642
-12.789045602446457
-13.381570572846577
-13.756280568917969
-13.85780279422824
-13.659017582875832
-13.16970297884119
-12.435935519157232
-11.530175347474039
-10.536096605718402
-9.533782701641766
-8.5894208599366
-7.75079035630317
-7.047562100671534
-6.494489944323221
-6.095699876849991
-5.848864138376954
-5.748637057586572
-5.789142639440792
-5.965523375339041
-6.274633326963826
-6.714938931320068
-7.285620940570515
-7.984785373394971
-8.806631403307016
-9.737459081666715
-10.750642278784287
-11.801287291170155
-12.82231362494509
-13.724887323338313
-14.406605503365656
-14.769129740545031
-14.742304034794902
-14.306088264577147
-13.499693936457112
-12.412564162417397
-11.161391422265712
-9.863809248470584
-8.618500453933802
-7.495771536225082
-6.537267031922652
-5.761118732170977
-5.169025113695044
-4.753016990843612
-4.500891071457241
-4.400092449746188
-4.440218675508217
-4.61444000234823
-4.920105545005086
-5.358707436740457
-5.935239653541057
-6.656826401619119
-7.5303142188506245
-8.558349994467882
-9.733395768820593
-11.029381379000132
-12.391653663523833
-13.727975356788322
-14.90639931223634
-15.767984629214062
-16.159374913042885
-15.979065155210431
-15.216833742868303
-13.962774207167094
-12.379044362193332
-10.650890806591782
-8.94227285864554
-7.371446743097596
-6.006862981953777
-4.875555423897094
-3.9758691597144225
-3.2894678136361506
-2.7905771212616575
-2.4522279012623653
-2.250027908133439
-2.1641708090901606
-2.180317453207235
-2.2898366971534805
-2.489744714240518
-2.782555503291412
-3.176150503546699
-3.6836789936447403
-4.323391728689862
-5.118155908159371
-6.094156470990408
-7.27790752066804
-8.69016445470297
-10.334791177498936
-12.18070488203827
-14.137207294638811
-16.02967677066837
-17.59433925789437
-18.51935499975504
-18.543756037877653
-17.57523407315912
-15.745369013390471
-13.354865143101664
-10.751031993316515
-8.221244744597618
-5.9470901848114694
-4.009950155141446
-2.4192243994626916
-1.141976918099634
-0.12534985442230318
0.6892562397898209
1.358438674428281
1.9333395556750528
2.458781466825628
2.9738188661088767
3.5129395949821993
4.107412211062275
4.786407098688389
5.577537787041718
6.506379053315985
7.594328869774769
8.853941242377696
10.280740316334612
11.840975123451583
13.45661159487389
14.99295879029809
16.260085474653863
17.04169868355607
17.155339661543934
16.522942465638348
15.21016209922006
13.405589326120595
11.353120264943012
9.27974377275087
7.351728140097503
5.664587331347356
4.254500565920099
3.117032848639988
2.2245455339338602
1.5391205034188082
1.0208597733896894
0.6325451355154327
0.3417941917879292
0.12165062798060498
-0.049716922767037056
-0.18976199201533486
-0.3124806495373563
-0.42935361852299203
-0.5502393342743719
-0.6841984185153971
-0.8402610089257161
-1.0281660370977939
-1.2591105021476592
-1.5465494811012095
-1.9070834215630423
-2.3614532615095865
-2.935623383401311
-3.6618398659343163
-4.579353395728158
-5.734090950714168
-7.1757874659440395
-8.94975670727826
-11.078633949976252
-13.52820406388976
-16.15506214654862
-18.651074272679306
-20.53546613291614
-21.270038933501706
-20.505594022305193
-18.29983701902813
-15.098470681975915
-11.493562322473197
-7.978125510952479
-4.844110295434117
-2.202867495414984
-0.049119201187266204
1.6813291085759965
3.0738593128759186
4.214437792886282
5.179949188085847
6.034527994249216
6.828766061615153
7.599999298036718
8.37269569251275
9.158478709784156
9.955699874773405
10.748838022906645
11.508390388898158
12.192264521361142
12.749769819077269
13.128837195649137
13.285888518882718
13.196141304305662
