1.0
1.793393585983225
2.6842260121534576
3.7785830816492045
5.188309497810476
7.042554907944057
9.494860815370116
12.721261465154033
16.896362747117095
22.117840988129974
28.224821029320328
34.44782772787704
38.95102298416089
38.79782237298668
31.45320598476501
17.745173702493904
2.584595525425185
-9.006092267310548
-15.50817061922534
-18.17167205072661
-18.753387421172423
-18.432261892834692
-17.76606072541868
-16.937426797606076
-15.96293812808366
-14.818396237370845
-13.502532883872501
-12.059779279362484
-10.574948954943586
-9.151292789368592
-7.8844780069957725
-6.843265629316135
-6.062081043654836
-5.544403324598578
-5.272272789265765
-5.216991374247137
-5.347858168303818
-5.637790307814557
-6.066006540655699
-6.618480321861417
-7.286877318388438
-8.066467756804585
-8.953236508918563
-9.940203283439981
-11.01286966645432
-12.143800779138294
-13.286730366430861
-14.371365388178372
-15.301270172144324
-15.958476377665953
-16.218742073228626
-15.97897680212116
-15.192076682217051
-13.896155171233492
-12.221276246242962
-10.364166235972732
-8.538606651687623
-6.923762508290963
-5.6322561281126955
-4.705768010995813
-4.131087488438467
-3.8636739739334183
-3.848617242918512
-4.034673092551413
-4.3814177578324385
-4.861426641711054
-5.459519946908816
-6.170545061112507
-6.996492715669524
-7.943196101652714
-9.016469172836691
-10.2172810001317
-11.535450906129185
-12.941487850953813
-14.376821862738057
-15.744135923250367
-16.90204075923534
-17.67142791627463
-17.862148904360378
-17.323745380979865
-16.009328286563928
-14.022694810724571
-11.613479450174408
-9.109686538045821
-6.818848744405364
-4.949991992561233
-3.5886129736006205
-2.7191059135229234
-2.267655544970627
-2.1416548875419137
-2.255263432288999
-2.5413815838215714
-2.9545037802094765
-3.4688760328994217
-4.074922789429541
-4.775494834291355
-5.582522923754779
-6.514076632317522
-7.591459268604434
-8.835683346868366
-10.26238939512784
-11.874003295049254
-13.647840217221772
-15.519425206548394
-17.362443641145866
-18.97171362520682
-20.063689539198318
-20.316203066632646
-19.463225730128965
-17.426612462593617
-14.413647528217162
-10.892056901638016
-7.426732768563832
-4.4758130413445
-2.2721165176550238
-0.8308421682236621
-0.03208172434642639
0.29152310403854426
0.29766320233258836
0.10964409141945924
-0.18763157665101357
-0.5422918600486771
-0.927602043813564
-1.3347018680287193
-1.7670192893404988
-2.23645195718004
-2.7610564949248078
-3.363896744274633
-4.072701710629268
-4.919984464019315
-5.94321776766689
-7.184491065390945
-8.68870720987105
-10.498710370098813
-12.644680099495218
-15.123798757083003
-17.86544364320662
-20.679718391765824
-23.198974170012242
-24.85039771252681
-24.936591849572686
-22.899115035915198
-18.706547337529752
-13.074482807290776
-7.212786397216906
-2.224635014568196
1.340529223970421
3.498661605976204
4.5751308221861295
4.95665622610902
4.96362006728508
4.819503357844708
4.664872223717025
4.58209312386282
4.617194928406596
4.79582221252715
5.133908362667678
5.644398579763514
6.341108536065832
7.240352891326995
8.360492121247471
9.719020169476284
11.32622742630173
13.1738981386711
15.21729389437974
17.349787569221448
19.373804228792363
20.98142764400151
21.772291230994835
21.34340672202681
19.458550218151426
16.227642409506924
12.154768362458288
7.966247850328872
4.313758397526739
1.55994634870465
-0.24414629071231245
-1.2486525742370964
-1.6755338720491892
-1.7341348640258603
-1.58649488789891
-1.3434340409123011
-1.0735346311005474
-0.8148651679324964
-0.5852699044224512
-0.3901319779046367
-0.2277468882893383
-0.09279902595570713
0.0215460107427351
0.12250529723712295
0.21717464078199009
0.31242751456719836
0.41506513531233447
0.5321258794917069
0.6713067896991252
0.8414824240557509
1.0533300662295626
1.3200881215268327
1.6584880724302054
2.089909506053324
2.6418089444660984
3.3494563259038475
4.257953602051122
5.424355111110597
6.91934612199338
8.827137463106105
11.240576461677705
14.245266520271189
17.881061902780587
22.062557674125237
26.44021633733844
30.217519419620306
32.05603291019171
30.387699512639674
24.39659600406877
15.114328038960288
5.205212000087138
-2.79379097729802
-7.887164558743759
-10.468383740936968
-11.431125570842159
-11.561374430091732
-11.369610423930833
-11.1352864304744
-10.991023180033931
-10.986815834776884
-11.1284517597623
-11.397944624401408
-11.763565773214799
-12.184476601852676
-12.613033136337954
-12.996754420472293
-13.281332115418502
-13.41551017371724
-13.357899049752511
-13.084740296759419
-12.596569192126257
-11.921210910087543
-11.111181767864451
-10.235402850070333
-9.367385932896177
-8.573446553342633
-7.904233100383748
-7.391206043295923
-7.047719191039892
-6.873057997713653
-6.857503014093631
-6.986935788100524
-7.2461947619178755
-7.620968094193487
-8.098349213460272
-8.66630781017318
-9.312331508717783
-10.021459667835215
-10.773926614534622
-11.542705170093678
-12.291416825665655
-12.97334135918229
-13.532530687737417
-13.908111117962488
-14.042441843036853
-13.892618467823375
-13.442948071823425
-12.714255231656987
-11.765557762331042
-10.68580268870102
-9.57744510138078
-8.537371273568912
-7.641585720607621
-6.937730091786465
-6.445706786038417
-6.16380402958036
-6.076868131262084
-6.163820522022274
-6.403134873902232
-6.7759850316776635
-7.267373936519401
-7.865730879068347
-8.561402203983661
-9.344318340452745
-10.201002316912527
-11.11106153220121
-12.04343070072769
-12.952953165735664
-13.778408406101953
-14.443686348128368
-14.86412175757625
-14.959388410524062
-14.672171134394764
-13.988195596969108
-12.94979473800452
-11.655085329477496
-10.23999246394245
-8.848739398893322
-7.604345008184668
-6.589762312741856
-5.843716896668328
-5.36829046581104
-5.141970915718436
-5.132563720721927
-5.306894220604235
-5.636576330662397
-6.1004442397627985
-6.684631191759262
-7.381145369069314
-8.185474659056585
-9.093440364780669
-10.097298730701802
-11.181008811525526
-12.314712771429258
-13.448912204695583
-14.509675574467211
-15.3974443935169
-15.993169093071009
-16.175445654001468
-15.849338358086575
-14.980847936377765
-13.623100520692363
-11.918024541660042
-10.06653537623093
-8.277701461236392
-6.719794411156714
-5.4930448433043
-4.629147958877383
-4.1090112348727885
-3.8860566507580145
-3.905977355613718
-4.119492106470382
-4.488549167490162
-4.987941833572792
-5.604278566165184
-6.333650231694986
-7.178687418802842
-8.145184890175813
-9.23810292528503
-10.456522075486856
-11.7870536344909
-13.195417910691026
-14.616652038680481
-15.946042342194596
-17.035544021270365
-17.703365760357222
-17.76485798971642
-17.086281670959316
-15.64713221847146
-13.579079747865746
-11.149296607062585
-8.685111937238746
-6.476954385805046
-4.7098296527151975
-3.448333068554757
-2.6642408944321008
-2.279359387952676
-2.202268958533839
-2.3509956009194255
-2.662972516317561
-3.096839108721734
-3.63020631957678
-4.256040827320841
-4.979001661345952
-5.812184672532808
-6.774195842250991
-7.886127822334871
-9.167730225771692
-10.631784750475882
-12.275458451302029
-14.0674331036711
-15.930453456891813
-17.721624486686988
-19.218457414224478
-20.12694708310995
-20.13314191769131
-19.008207621920594
-16.737200324495216
-13.592396508579661
-10.073944934426017
-6.729429353078979
-3.9647097488290752
-1.9566284625825354
-0.6831087895830711
-0.009893655314144767
0.22876424430890277
0.18166319361324787
-0.03819960364352579
-0.3549045031668092
-0.7234771154018729
-1.1221570561444174
-1.5456030363425266
-1.999800383603118
-2.498660666452932
-3.0620276706489924
-3.714737560767349
-4.4863762785395345
-5.411354718372375
-6.528822585049512
-7.881697417370043
-9.513606400841006
-11.461725595841305
-13.742335849706963
-16.324769883732415
-19.08983054401374
-21.774696489484935
-23.924688403668227
-24.90648192475354
-24.06483332653787
-21.05252305929619
-16.172024230203828
-10.39574104021714
-4.924287833824755
-0.6169674021963394
2.254716206529994
3.8701265618473024
4.592520832568623
4.7778340362371825
4.697692140681657
4.533150066218603
4.394813770471121
4.346198482163269
4.422528551354596
4.643983285832894
5.024422667927341
5.576817029380447
6.316274074218727
7.261124413420441
8.432061867643732
9.848804331664727
11.523119833678948
13.446439740528959
15.570067951693435
17.777305207721003
19.851820088781032
21.457870182339313
22.164169429207053
21.54966051977055
19.394436369385833
15.868120635277519
11.555361891209772
7.239264651262232
3.5761257209322626
0.891398197894762
-0.8119003140465778
-1.7199189220939863
-2.072998613637613
-2.0857479134948407
-1.9187052884398437
-1.6789517503512437
-1.4314792933257916
-1.2119037592984994
-1.0370439516801002
-0.9126995916949275
-0.8389795063957103
-0.8137722033852275
-0.8349174335665842
-0.9015310809855217
-1.0148259440247467
-1.1786784182625878
-1.4001200372130744
-1.6898817674765643
-2.0630835529113316
-2.540135389471917
-3.1478887814721928
-3.9210313284193243
-4.90361898738799
-6.150425749740021
-7.7273326255851185
-9.709048697501137
-12.170669033441149
-15.16646782385592
-18.684903463239014
-22.56570860317097
-26.373788077138055
-29.27100338116959
-30.036330452705034
-27.486222802185193
-21.33849699770316
-12.857761376740644
-4.328402322076263
2.365011957976334
6.602022861258209
8.770359857282935
9.598164947133789
9.72376405615825
9.575124370494594
9.399601871362705
9.325278497191032
9.41020355009213
9.673371308431543
10.11184296416988
10.708960428263765
11.437058853916717
12.256851725348932
13.115124056507193
13.942434745609074
14.652983770554949
15.149247564240186
15.33370767663099
15.128078082080043
14.496479465428006
13.464354212466116
12.123028635644076
