0.0
0.028038011454743463
0.07777972956067042
0.16540959653834475
0.3218492737592371
0.6035007002809125
1.1118199425862396
2.026853354942808
3.6607578544874277
6.531534014801219
11.428174203747925
19.351689456989654
31.055521838069414
45.88846507747991
60.508330645392796
69.78812453749447
70.90848350370992
65.85928419927419
58.79946672982353
52.616301823117595
48.27108166696606
45.66800880634914
44.39806599956737
44.046152468040184
44.25951368919798
44.74390583097997
45.256269877450784
45.60887696055097
45.678707486647966
45.41137552852702
44.81343354056614
43.93449147282568
42.845741902025964
41.62172674435024
40.32896749662541
39.02146370067412
37.74101134289165
36.51997024301517
35.384743423878376
34.35904447633302
33.46662338393837
32.733414545948264
32.18912051790796
31.868127152269906
31.809411526691566
32.054789404422955
32.644527391993186
33.60920360588159
34.95712066902917
36.65810484995182
38.627535302246464
40.71823294871893
42.72976945452017
44.44073901242605
45.65809948103592
46.26466860585969
46.24269535798419
45.66366757654753
44.653398521016506
43.35192376670063
41.88418437564696
40.34675297462968
38.80730010234907
37.310664950640316
35.88659192199516
34.55655008473441
33.33889253211872
32.25256156542411
31.319833511530426
30.568530996311768
30.03390514482962
29.760067907740165
29.800414296673516
30.21587326271436
31.069099220246635
32.41215406078506
34.26563009684267
36.58993205602165
39.255868012417885
42.03055910360845
44.59912779405402
46.631712429062254
47.876619821524066
48.233640376988696
47.76670023473171
46.65434755142607
45.11423149203317
43.34201028912206
41.482544858791925
39.62839638746937
37.831988655442295
36.12034642633363
34.50703738454743
33.00017639760448
31.60729414986751
30.33831519599285
29.207697183990515
28.23644819429963
27.454441576839013
26.903185129432753
26.638876092182763
26.735021939376114
27.28291865967294
28.386687444759755
30.147581958341437
32.63122285001858
35.81476029504453
39.52388747480299
43.39309023895242
46.900598971922
49.5069978791948
50.84862026711289
50.86652026362069
49.784267213922234
47.96695949139493
45.76975175890814
43.45319817991447
41.170539491309526
38.99343362690465
36.944878223232266
35.02446025793597
33.22339297712371
31.53187357938977
29.94198587888025
28.448515510560906
27.04905946225156
25.74413044644762
24.537593751419685
23.43763447589818
22.458445011524134
21.622885926524262
20.966461264405375
20.542995817210365
20.432264028883058
20.749168539601254
21.652236054630436
23.34508396451322
26.057088868307552
29.980395081587222
35.14046871973324
41.213294528653186
47.39680963793031
52.53533987830712
55.58815608517344
56.16580074822933
54.665434081133036
51.91364609553775
48.69691046851282
45.52054148652902
42.61177172411153
40.02272885980721
37.72656964498819
35.67514932874712
33.82483325131667
32.14446548720042
30.615753348233685
29.23156414341407
27.99452719098446
26.9167770726085
26.021037338962948
25.3430223014139
24.934990548729253
24.869949836119016
25.245191058837175
26.182154233895336
27.816850883251846
30.271796762193052
33.59980791014872
37.69961378560391
42.2318529343736
46.60461395063137
50.10377711620198
52.1551459300797
52.563292985024134
51.54918144361531
49.57624593984794
47.121549475448155
44.535956578342486
42.018254536883575
39.65249069458379
37.456983266792484
35.420881619943465
33.524814523825945
31.750097762256715
30.081631290159777
28.507999417985214
27.02066263179304
25.61307052505031
24.279970182854363
23.01694314722117
21.820124227599315
20.68604506911519
19.61155845857719
18.593816495863077
17.630290925627303
16.718836853171403
15.85781381319025
15.04629385742615
14.284409261465429
13.57392877794364
12.919210647347128
12.328777524201262
11.81791434638375
11.412934019428036
11.158113036952027
11.126752059767886
11.438177362904426
12.282063506988758
13.94818358962359
16.84882008395449
21.494617703161726
28.34025907787901
37.39637871990916
47.660059436601045
56.887558307355384
62.50564825523609
63.35892901271682
60.43621010852508
55.77209327052822
51.02123386099914
46.97603448424318
43.804563051930316
41.40127776790784
39.60029730559604
38.26030842289044
37.283348807195864
36.60925708142572
36.20451249824577
36.051715099170195
36.140874943538236
36.46212042817532
36.99932658149192
37.72462134008845
38.59436912661295
39.54777567966198
40.509371373882296
41.395994899351244
42.127482768618364
42.638583741698305
42.8886263954238
42.86597772999553
42.58627785859277
42.08576249964673
41.41243617732991
40.61787000097213
39.751349844139895
38.85681033226411
37.97207931499583
37.12959948199503
36.357841067510286
35.68283725371098
35.129488220249556
34.72241216853363
34.486161505680585
34.44459694852043
34.6191669259175
35.0258410357236
35.670584787293464
36.54364318544696
37.61358502810289
38.82294802970797
40.08802381990822
41.30513462198202
42.364056552538386
43.16620862816345
43.64228485702655
43.76326908948825
43.541248769164085
43.02083707067694
42.26557640524086
41.344520755075045
40.322531889676675
39.25533063568736
38.18849742193908
37.158904646888146
36.19719669252274
35.33040303241954
34.5842142042514
33.9847224654591
33.55951899951448
33.33799282847585
33.350545344013
33.62628209688599
34.18866216707074
35.04873122382704
36.19615498549793
37.58948583151381
39.14882154250236
40.755472944309275
42.26293394195188
43.51995485410283
44.40037424430055
44.82911692488947
44.79393398320478
44.33907922926944
43.54579474328495
42.50923010554798
41.32009943220267
40.05462209109018
38.77195555955835
37.516335979744554
36.32119353452667
35.21346765949005
34.217315530086594
33.35702700816398
32.65921538546071
32.15435207059464
31.877551638600135
31.868247574998772
32.168069876605585
32.815927966517336
33.839227189933055
35.24071260611271
36.982178930950894
38.96945872127733
41.046742570647815
43.009437442010935
44.63955575778413
45.75554597352172
46.25654835187272
46.14041849311677
45.48881666507873
44.43072695818248
43.103847533096015
41.62807680966609
40.09466319150857
38.567011006753155
37.0871323721654
35.68323216774225
34.37620659466135
33.184509850300614
32.12765933715618
31.228864545052026
30.517168055222733
30.029246080980172
29.81067766547984
29.91602830884027
30.406471287256934
31.342958091163325
32.77251154732401
34.70595519016734
37.088745676655286
39.77355560548313
42.51177546563987
44.98332178835399
46.869784768432
47.946101105628344
48.14374280486606
47.55079704883235
46.355568781707944
44.77251901743923
42.98732920929695
41.13399121342114
39.296538936511524
37.52198635150773
35.83454917203202
34.246742221184505
32.766685327491956
31.402541886197284
30.16529990945881
29.07087274840199
28.142168748019273
27.411491565615727
26.923362111108705
26.73748774486751
26.930971699121713
27.597749209850562
28.841545925861848
30.756774671532575
33.391457062714295
36.691397921565326
40.44026243278508
44.2339627519917
47.538992949816674
49.848558140729
50.86806160033631
50.61054770995265
49.341237897301355
47.427875393115514
45.20343177610026
42.900562554494236
40.6504451163323
38.51138889898371
36.500036047303105
34.613865122896165
32.84407508340844
31.181678181765854
29.61981659515201
28.154396419282083
26.784226640265473
25.51126097518821
24.341243640004752
23.28495993066001
22.360306471029592
21.59546531633399
21.033535892300087
20.738953742945416
20.805693101199857
21.366158112537274
22.59697583195191
24.712495138868825
27.928469221226095
32.37201016097504
37.926737013307665
44.06263216954951
49.80374795553167
54.0093591192852
55.90832592711655
55.48287814215668
53.36152710598987
50.3739058719442
47.17587672235034
44.13316943043005
41.382307319947664
38.933903395377165
36.749823884113766
34.78417593653829
32.999562168891536
31.370907531831485
29.884621481167898
28.53692265457779
27.332873702085966
26.286621776410353
25.42295357954995
24.780154327398428
24.41403694120588
24.402636516742316
24.85013019319128
25.886630440476562
27.657324738359236
30.29073888314388
33.835490302767845
38.166710530740694
42.89720809967609
47.3738109452929
50.83862682788112
52.72367085309343
52.89139000689362
51.636973594639954
49.47495640897683
46.89738623604477
44.245260507156146
41.69924790630893
39.327307654429696
37.1369029061829
35.111009211176984
33.22718625473542
31.46541380905407
29.81010682440726
28.249741713388257
26.775832440945504
25.38196875974892
24.063121470658487
22.815215230519264
21.634913369221923
20.51956441561696
19.467285942058123
18.477193403907002
17.54981862278906
16.687809886896297
15.897073361837114
15.188617552915405
14.581517262639295
14.107637424161158
13.81904831029916
13.799339568159075
14.17998459274656
15.161584409027421
17.034973102892796
20.184509398988503
25.030875076707165
31.84174977995706
40.3621049224124
49.41139134244024
56.94715130263801
61.03318362823667
61.10850393438467
58.209486269096274
53.98604500705454
49.70575284030643
45.97315788751206
42.92466923957633
40.487276693796666
38.53824808866803
36.972074478735045
35.717596287800745
34.735679391319735
34.01192242342622
33.54956384669008
33.36353859050539
33.47501292256084
33.9052392055158
34.6676462978845
35.75766520674449
37.141061730294226
38.743552983608424
40.4466301749571
42.095202486797966
43.5198801889928
44.5699870257325
