0.5809660358103749
0.6878579803913892
0.7306834977754819
0.7363783662058938
0.7052197752778596
0.6303041421739973
0.503220383460806
0.3228791683872876
0.10818588517207761
-0.10274777422289594
-0.2773207566721765
-0.40571248781718783
-0.4938194622936982
-0.5515480264497064
-0.5874739797639976
-0.6078325352931491
-0.6168972283443823
5.6656377276421495
5.6714614955478435
5.682441339789143
5.697668341223138
5.7164995747326675
5.738460418151689
-0.5200088226031196
-0.49285984598243937
-0.46358218113208594
-0.43248497444715506
-0.39989605271158
-0.36616737153467716
-0.3316729211484213
-0.2968000853532615
-0.26193592081517014
-0.22745032705823243
-0.19367840643457868
-0.1609043215478676
-0.12934860472349574
-0.09916023484972292
-0.0704140250978953
-0.04311313186647636
-0.01719593235098782
0.007453811949182931
0.03099468950778661
0.053614373854163455
0.07551626370527775
0.09690667524630348
0.11798296411946596
0.13892270359310221
0.15987383154101287
0.18094551335978026
0.20219935819537616
0.22364057885647404
0.24520871088733182
0.2667676172506828
0.2880947215223898
0.3088697597358213
0.32866384782860963
0.3469303551308114
0.36299997057389194
0.37608343572426084
0.38528662513382045
0.38964377777890563
0.3881752572131424
0.37997530547756087
0.3643312834211577
0.3408669227196266
0.30968730135980815
0.2714858548851409
0.22756396444956484
0.17972603577920476
0.13005382282382572
0.08061681461028436
0.03320647238481467
-0.010832308744027186
-0.05064751488481867
-0.08582721844412244
-0.11629359655680638
-0.1421863356110591
-0.1637619736577518
-0.181319712719767
-0.19515380091188161
-0.20552782055512342
-0.2126651288261634
-0.216750341670366
-0.21793789991352375
6.066820491162115
6.071019839612642
-0.20548676683714096
-0.196502260380635
-0.18542379281442356
-0.1725094103020317
-0.15806628937292944
-0.1424477516206495
-0.1260439242167828
-0.10926632498026922
-0.09252750096927498
-0.07621766966926691
-0.06068090996902287
-0.0461936684260964
-0.03294811774687134
-0.02104227385797519
-0.010477880140577378
-0.0011660776819408802
0.007060034102568391
0.014427552440190006
0.021202673213880585
0.027668480391102035
0.03410357206594172
0.040763043203794425
0.04786277611012835
0.05556739455167836
0.06398172129043433
0.07314521691934195
0.08302870741180668
0.09353273193034078
0.10448704299012801
0.11565114121591458
0.12671619725515593
0.1373092667628238
0.14700127798430213
0.1553207485553696
0.1617753677492707
0.16588316609924272
0.16721363938141215
0.165436651768453
0.16037334824293692
0.15203951141756278
0.1406695031735078
0.1267102105481176
0.11078045340498321
0.09360094411043218
0.07590931544559498
0.05837937378342528
0.04156126879973221
0.02585128384365243
0.011490663619862396
-0.0014137720484459493
-0.012856954150536115
-0.022899580250870244
-0.03163490193893592
-0.03916155155646184
-0.04556354335175161
-0.05089732051637652
-0.05518515931955026
-0.05841411491529236
-0.060539760098273554
-0.06149406219169862
-0.061196770918636734
-0.059569614279220584
-0.05655242210030487
-0.05212004633285572
-0.04629866946547434
-0.03917984656100115
-0.030930480843757824
-0.021796960250579644
-0.012101948924273298
-0.0022328733383356614
0.007378041455533335
0.016281317933651174
0.024043412344333603
0.03028262490384792
0.034704096715551414
0.0371299026833376
0.03752034546536631
0.035983171392020674
0.032768622687975535
0.028249994251256183
0.022891486305302244
0.017207216782266554
0.011716715719014115
0.006902589742708409
0.0031751759169525995
0.0008471958317706196
0.00011927417981283384
0.0010753320271146283
0.003685716930291516
0.00781559390193054
0.013236451801210303
0.019639327419076424
0.02664926657002059
0.033841433343184124
0.04075999139494085
0.04694125540197002
0.05194243958600675
0.055376364933293454
0.05695053937544009
0.05650619487718572
0.05404982947606474
0.04976794951578922
0.044016763710075124
0.0372835613534267
0.030124476766314356
0.02309114331468476
0.016662523553825137
0.011195976961629883
0.006904699201224718
0.0038606266169303183
0.002016142580859581
0.0012358556270013477
0.0013307201088190723
0.002089283051272872
0.0033034627088488477
0.0047882227172761915
0.006395611695968029
0.008024034063180085
0.009623552143668945
0.011197723398223225
0.01280212367623168
0.014539417664451992
0.016550691072590773
0.019002804263457573
0.022071781246499
0.02592269147879378
-6.25249825261074
0.03643940424866976
0.04317517304513174
0.05079239213688336
0.05907975870125881
0.06771336744765799
0.0762638491833787
0.08421487313522302
0.09099305016266346
0.09600831362003914
0.0987028842129476
0.09860586949356831
0.09538924865942255
0.08891934922835465
0.07929615158922565
0.0668716343153406
0.052239169890634374
0.036189851772459036
0.019638554155547272
0.0035305305688140276
-0.0112549306921077
-0.023986712282124678
-0.034137782703638875
-0.04141064103723302
-0.045735561785416934
-0.047249303249276564
-0.04626275340619884
-0.04322422481393001
-0.038682258116379764
-0.03324903050338113
-0.02756344037607364
-0.022251921040234313
-0.017885153991335653
-0.014930245850923951
-0.013700709714493664
-0.014310542822677186
-0.016642821501444693
-0.020345431426170735
-0.024864093069537185
-0.02951421690555245
-0.03358035284018568
-0.03642099187250003
-0.03755365728075932
-0.0367025697881882
-0.03380451259954875
-0.02898087244172043
-0.02249030004124597
-0.014676374388924218
-0.005920462248037106
0.00339530248065123
0.012914219660138393
0.02232212353698304
0.0313579301268061
0.039820008791412675
0.047570130694245094
0.05453599800587572
0.060712635410812066
0.06616228940010904
0.07101197196213471
0.07544746101496402
0.07970250717633398
0.08404226913521562
0.08874063890238792
-6.1891332372426735
0.10017962759535459
0.10724200311833165
0.11524291652263585
0.12404650275660112
0.13336189726110792
0.14273944501877622
0.15158001369423912
0.1591581098145567
0.16465913511281816
0.16723124798773714
0.16605263361147782
0.1604147539166474
0.14982003983362735
0.1340870566425556
0.11344697469197884
0.08860465470370471
0.06073246612173544
0.031373841961841675
0.002260020028195253
-0.02492217221334636
-0.04875158903042065
-0.06822885500592646
-0.08284238020837742
-0.09255288843532072
-0.09772490108891252
-0.0990354508536076
-0.09738047705001107
-0.09378634865332222
-0.08932300761520989
-0.08500825154648947
-0.08169090454889154
-0.07990747778611743
-0.07972967091598188
-0.08066726989606493
-0.0817571727791403
-0.08199056980804531
-0.08103127097369811
-0.0796421429323173
-0.07897493808506484
-0.07903637442194622
-0.07811384705683455
-0.07390030636174227
-0.06494421777089276
-0.051154330838226736
-0.03343417759482348
-0.013071691595284207
0.008709330272674176
0.030947527019546284
0.05296519936627364
0.07431195024761106
0.09469683538138662
0.11393622273796078
0.1319212129240106
0.14859988491594756
0.1639686349496805
0.1780681600149232
0.19098093367294222
0.20282781865382837
0.2137618871538125
0.22395784058716073
0.23359586803230714
-6.040345808060818
-6.03137729649715
0.26054511437493844
0.26898674617470997
0.2769315280646909
0.2840177017050549
0.28971008464754977
0.2933001816138807
0.2939225139365269
0.2905910352190082
0.28226136024893256
0.26792673127069766
0.24675583582149585
0.21827426689528973
0.18257296835588033
0.14049486301264213
0.09371724789652669
0.0446437759616094
-0.003922539944253733
-0.04924727584327426
-0.08911308175722366
-0.12210138004920257
-0.14765674298046216
-0.16598311842409097
-0.17786244508312188
-0.1844711929669941
-0.1872335709656769
-0.18771727348045786
-0.18755208389651765
-0.18831842348695974
-0.19128309047500341
-0.19672202049532883
-0.20242152942274277
-0.20141146162575918
-0.1824934153831254
-0.1437059284167358
-0.10855211656818542
-0.09642271937987634
-0.09504743786975567
-0.08673194202033185
-0.06539313212226783
-0.03274837849895551
0.007364732292930443
0.05156519327028897
0.0975479236290977
0.1439584979207289
0.19010014324750313
0.23567755901361176
0.2806211715904863
0.32498003627075667
0.3688605569571948
0.4123919734140755
0.4557059635970697
0.4989228418287581
0.542140148180652
0.5854213506031036
0.628783442433654
-5.611002522479989
-5.5676864944487106
-5.524670052614635
-5.482287076362457
-5.441015459479759
-5.401510950656341
-5.364654154189098
-5.331621284920029
-5.3039976591048905
-5.283967542871318
1.008545484025062
1.0025720991098166
0.9742379725002854
0.9124704630617271
0.8003983176827674
0.6167608188949729
0.35255844562098204
0.04732321997692801
-0.22106501441519
-0.4119859480600915
-0.5338362995202898
-0.607756402559308
-0.6505623375036326
-0.6732021752305601
-0.6825305374207203
-0.6828722290901392
-0.6770054984925872
-0.6667378722919377
-0.6532417161495109
-0.6372540919284553
-0.6192013526706774
-0.5992833841236097
-0.5775378956933053
-0.5538963064081966
-0.5282365914080718
-0.5004336348069263
-0.4704039836406322
-0.43813992793995116
-0.40372820434788803
-0.3673514027939325
-0.32927425958586454
-0.28982043518811174
-0.249346364582685
-0.2082171609977026
-0.16678683318787857
-0.12538305559911156
-0.08429611832013162
-0.043771898410823074
-0.004008823567429376
0.03484150507592032
0.07267083708240962
0.1094090135162098
0.14501792512138945
0.17948540368319854
0.2128194305321247
0.2450427664722321
0.2761879016667299
0.3062920767709483
0.335392017583394
0.36351794250475633
0.3906863430168772
0.4168910084787756
0.44209177936950717
-5.8169847274849165
-5.794120902193799
-5.772740188871512
-5.7531892003127965
-5.735949263208106
-5.721665121305163
0.5720099260512232
0.5776421022569767
0.5771016394486614
0.5688060690707926
0.5509207082447052
0.5214414469315984
0.4784076085691549
0.42032633404856345
0.3468573070360681
0.2596447489858664
0.16287552999513832
0.0629431902108255
-0.03301345672551759
-0.11901566036894273
-0.1914842613022436
-0.24933433721036247
-0.29330641199639806
-0.32514518910803464
-0.3469729174708523
-0.3609188052715427
-0.36893812225704337
-0.37273866097668845
-0.3737545151504756
-0.3731306755313819
-0.37169639732769066
-0.3699107633132346
-0.36776530534112345
-0.364640053182541
-0.3591640514436783
-0.34927388335630466
-0.33284354500154634
-0.3090640061624682
-0.2796149818341458
-0.24777844684515504
-0.2158162178296843
-0.1836914122243538
-0.15019368506910324
-0.1144802878111042
-0.07660814700069718
-0.037260354107160776
0.0027066707869543016
0.0425612067291683
0.08179719974293942
0.12011506255225779
0.15736214397505233
0.1934768853496096
0.22844986966096492
0.2623000773107673
0.29506092415159246
0.3267714505711625
0.3574696444995751
0.3871860886306524
0.41593680500351926
0.4437145040501971
0.4704776060657321
-5.787048801951229
-5.762648660247542
-5.739747207187053
-5.718693904309594
-5.699975800354165
-5.684249694101032
0.6108067017648682
0.6177129456463426
0.6182549022989341
0.6107052730329068
0.5929935353168236
0.5627550101690655
0.5175249358736393
0.4552030614848124
0.374908911418091
0.27815742066129556
0.16980165089454857
0.05774403039054299
-0.049084143857475615
-0.14343788404394964
-0.22138534640555507
-0.28220523921227325
-0.32730496074277105
-0.3590978850092862
-0.3802523666677522
-0.39330911454051
-0.4005341623043864
-0.40389109103058646
-0.4050610552410723
-0.4054672464172223
-0.4062560739758181
-0.40813437600364993
-0.4108466482064955
-0.41198141011938316
-0.40529198161890695
-0.3813457300582243
-0.3363926011068178
-0.2826530252323638
-0.2357042080486771
-0.1965469979039265
-0.1580855667896648
-0.11570815345644059
-0.06881691446425187
-0.0187497432363406
0.032872482317461094
0.08482476207472844
0.13638191687544188
0.18720799186076564
0.2372151120550885
0.2864553739696014
0.33505293383896273
0.3831655022446645
0.43096320031853663
0.4786162151256095
0.526286176020478
0.5741185221696692
0.6222344807912297
0.6707220042287165
0.719625416738225
-5.514251546692671
-5.464617353290825
-5.41481846407377
-5.365113389909473
-5.315875647878464
-5.2676164256471765
-5.221017932569071
-5.176988655802237
-5.136762329121538
-5.102084172388155
-5.075576732108513
1.2216879193933308
1.2157639837992433
1.1748632695814498
1.0658948316890273
0.8117516542936782
0.3012998774669442
-0.27596271327141886
-0.6041953132727115
-0.7536424774448311
-0.8206227936588673
-0.8480090879876984
-0.854518310439957
-0.8491608640941641
-0.8366912113828469
-0.8197937856604773
-0.800043683214238
-0.7783646748633779
-0.755263328948353
-0.7309574623852522
-0.7054538753640427
-0.6786033761316876
-0.6501488269895287
-0.6197758051036376
-0.5871711778024943
-0.5520893737149635
-0.5144176851787472
-0.47422260100494806
-0.4317563085826127
-0.38741426931612266
-0.3416590768684522
-0.29494531111926214
-0.24767635813249078
-0.20019912219279767
-0.15281848426410605
-0.10580892017583188
-0.05941350764644837
-0.013834837139135248
0.030772975253745116
0.07430587645756881
0.11670531646712234
0.15795043767943406
0.19804964499587197
0.2370328878449217
0.2749449491641327
0.3118395307540096
0.3477737514288699
0.3828026272469436
0.41697308218588214
0.45031701619375
0.4828429376695902
0.5145256574041306
0.5452935452200984
-5.708172445147929
-5.679716634974552
-5.652843547058236
-5.628004568614207
-5.605817256996184
-5.5871075395082075
0.7102220797417735
0.7183825757121904
0.7187232863858801
0.7088883731510105
0.6859064374767188
0.6461722543963162
0.5856808875193469
0.5008528761533937
0.3903616914505543
0.2578202897642565
0.11349361740159525
-0.027903844335324335
-0.1530876622849755
-0.2548444524131306
-0.3322005841964798
-0.3879151804156885
-0.4260763031582676
-0.45076244373730134
-0.4655383524239733
-0.47337495275381214
-0.4767384108317594
-0.47773866644295476
-0.4783008152736442
-0.48031919195078154
-0.4856216478786538
-0.4951565722795037
-0.5059876467699532
-0.5049366415368162
-0.46731941413943956
-0.3867292219070385
-0.3010572411954684
-0.23636180223718872
-0.1836922603195661
-0.1308905554161619
-0.07381563719382722
-0.012963555885990852
0.04999277616425313
0.11364272145401899
0.17714747510420614
0.24014677572358067
0.30259195465202815
0.36461238175957966
0.4264309134183635
0.4883164534490878
0.5505589957902144
0.6134565739045961
0.6773078634014
0.7424071953306819
0.809040544973354
0.8774821154734522
0.9479918133555905
-5.262370861612082
-5.187003335897324
-5.108864648843935
-5.027719777353066
-4.9433002567122735
-4.855265652658975
-4.763146689933192
-4.66626410263339
-4.563614966475941
-4.453715058022724
-4.334383133436333
-4.202457636414106
-4.053470876837527
-3.8814349187769275
-3.6792601456341405
-3.4410441518046855
-3.1677076373439266
-2.873823832794543
-2.5858951970649278
-2.3278966708765134
-2.1097582402842425
-1.9293884355273463
-1.779848583169087
-1.6539221070830168
-1.5456677091151452
-1.4505617930910772
-1.3652295596152704
-1.2871404198233656
-1.214366433427918
-1.1454117412953762
-1.0790988385456943
-1.0144959424155904
-0.9508726410817588
-0.8876739414077908
-0.8245049146735178
-0.7611196040538023
-0.6974091967144223
-0.6333860885432723
-0.5691624927400064
-0.5049243700641458
-0.4409031087259625
-0.3773480437321377
-0.3145024942004737
-0.2525849207220323
-0.19177566789351008
-0.13220896838763108
-0.07396949837189482
-0.01709262812657908
0.03843254427300824
0.09265829345544452
0.14567234666880258
0.1975916275375993
0.24855612867020804
0.29872314956832
0.3482619377009102
0.3973486195714844
0.4461612063053244
0.4948743992186926
0.5436538999032918
0.592649944762802
0.6419898367363497
0.6917693379667065
0.7420429112884563
-5.490372371131916
-5.4391671771624095
-5.387663905536345
-5.3360882040709825
-5.284768350959652
-5.234152827484301
-5.184836254932895
-5.1376035140521985
-5.0935113950974875
-5.054047082105301
-5.021449010323274
-4.999394830246552
1.288579113521851
1.2621262203570565
1.1703890861832318
0.9159869260566678
0.2867523087263186
-0.4180112529668897
-0.732036817112617
-0.8518808257508378
-0.8976248981487069
-0.9105480394196708
-0.9069155890765055
-0.8941951170656681
-0.8762252750978397
-0.8551320559658514
-0.8321345984655126
-0.8079181170568599
-0.7828196465487172
-0.7569263879185033
-0.7301310669065072
-0.7021661666242727
-0.6726309122290088
-0.6410253781465145
-0.6068106285294238
-0.5695133322747288
-0.5288733754399999
-0.48498710594299965
-0.4383548106894374
-0.38976188410843327
-0.3400338840426833
-0.2898144999354044
-0.239495557716916
-0.18929549379568833
-0.13938121095505807
-0.08993945204333209
-0.04117785017833131
0.006710160801282505
0.05357739111559856
0.09933504816344829
0.143948166857097
0.18742384248844512
0.22979909483354422
0.2711309018233705
0.3114884217489311
0.3509466191610593
0.3895804852797631
0.42745919246080355
0.4646396356650695
0.5011588691387399
0.5370249685509361
0.5722058593481765
-5.676569652136932
-5.643087283297396
-5.610779311753889
-5.580007972123174
-5.551281293807913
-5.525292109425654
-5.5029699058141555
-5.485552500655166
0.8084974695264515
0.8106061592429441
0.8009999256642137
0.7757147089933061
0.7295600456824447
0.6562103283928655
0.5493545692797197
0.4061639650018709
0.233218809204794
0.04978964888441917
-0.11948875588178254
-0.25786925240269276
-0.3613271687490194
-0.43397087856657923
-0.48244405948937186
-0.5130471013914916
-0.5309080062733962
-0.5400131476322364
-0.5434846309614954
-0.5439054127860489
-0.5436763256937198
-0.5454382272798988
-0.552483983375228
-0.5685292196848118
-0.5944332311443484
-0.6166975662499685
-0.5921506820938642
-0.48488294175924607
-0.3518343255162917
-0.25385352313843756
-0.18147518936942908
-0.11490713534108177
-0.04646919436953434
0.024637195926693112
0.09729628583239514
0.17041273503109844
0.24335644315331506
0.3159130033143358
0.3881397513185685
0.46024779085953327
0.5325276160794954
0.6053076010162219
0.6789320508379195
0.75374935776208
0.8301047517550744
0.9083348229077002
0.9887625769505164
1.0716926885367961
-5.125778143562577
-5.037023316427572
-4.944999695769365
-4.849505158533898
-4.7503590780078735
-4.64739348249141
-4.540440556710312
-4.429318037552042
-4.313815595812311
-4.193687048595558
-4.068654964541865
-3.9384354595216804
-3.802790892235282
-3.6616152797111643
-3.515049515159326
-3.3636093927149546
-3.2082909550883802
-3.0506036526118727
-2.892487334904802
-2.7361046458161353
-2.583555156676365
-2.4365977956086566
-2.296463657647697
-2.163795813008302
-2.038699889338384
-1.9208595895353149
-1.8096706904196493
-1.7043627439301348
-1.6040952490654985
-1.508027142910569
-1.4153642079448727
-1.3253903492930361
-1.2374878178920394
-1.151149811522335
-1.0659872606313128
-0.9817303610248422
-0.8982246991630618
-0.8154216639369822
-0.7333631934084864
-0.6521616049594223
-0.5719760521148195
-0.49298776200637673
-0.41537641935211744
-0.3392998036104975
-0.26487814386564534
-0.192183828725645
-0.12123631491826847
-0.05200148089425993
0.015605658474424633
0.08171603583226283
0.14650045929575017
0.21016320595590798
0.2729358410540197
0.3350715752280582
0.39684026716640197
0.45852402801813685
0.5204132876892438
0.5828031382117582
0.6459897729408604
0.710266893282582
0.775922062461222
0.8432331577108023
0.9124653184780231
-5.299316191368813
-5.225504231086891
-5.149057138479045
-5.069746914767063
-4.987325149496766
-4.901491518022635
-4.811846027942629
-4.71781965261254
-4.618575958640816
-4.512873160066816
-4.39887206375861
-4.2738738361017745
-4.133985294097303
-3.973780009675386
-3.7862620961292777
-3.5640424367967567
-3.3034657805163077
-3.0122098186759034
-2.713520083804782
-2.4361161111791483
-2.1975152686097412
-1.9999747138387853
-1.837447972556531
-1.7021162337590474
-1.5871651685467252
-1.4873370616019699
-1.3987221180965541
-1.3184162701745574
-1.2442304679023897
-1.174480701583373
-1.1078464718945145
-1.043279637345756
-0.9799484710422101
-0.9172054114644115
-0.8545695921946024
-0.7917168074112018
-0.728470679407704
-0.664790124405384
-0.6007502472645618
-0.5365164816951085
-0.4723144136998856
-0.4083992577822575
-0.3450287960189864
-0.28244207636839813
-0.22084434399151576
-0.16039749716423812
-0.10121505189347157
-0.04336076965619551
0.013149733493805993
0.06834509394248167
0.12229280233366002
0.17509306698072225
0.2268725557702127
0.27777840286874667
0.3279726334293256
0.3776269709707014
0.42691786034613965
0.4760214584955893
0.5251083067564193
0.5743373973541241
0.6238493823027924
0.6737587469975783
0.7241448824710486
-5.508143177991986
-5.456756305456503
-5.404968429612776
-5.352946964837592
-5.300950335472946
-5.2493419400380255
-5.19860891702022
-5.149392202778297
-5.102540783088065
-5.059215880260879
-5.02109921522512
-4.990829490099842
-4.972984953630652
1.3066437070414134
1.2611885944290677
1.1170755453109187
0.6941419020019304
-0.147416342559348
-0.6601798564314203
-0.8419441536885377
-0.9082002563655244
-0.9289877513697937
-0.9285631144628851
-0.9170949044385965
-0.8995058848730448
-0.8784256922861786
-0.8553427846535581
-0.8311093241749652
-0.806181970610164
-0.7807426455826598
-0.7547570087566692
-0.7279925329177198
-0.7000039940653815
-0.6700982230647359
-0.6373176069358544
-0.6005301455731785
-0.5587380450361037
-0.5116090341136514
-0.45993603135766714
-0.4055175043461755
-0.35033416347680113
-0.2956620392843421
-0.24184322524526158
-0.18868864530928642
-0.1359781020179036
-0.0836967215015747
-0.03201078162198967
0.018856465694797597
0.06872464714223891
0.11749522715837557
0.16514696424515263
0.21171522701824985
0.2572717020134705
0.3019095386086108
0.34573329759184634
0.3888517199107757
0.43137165651254294
0.4733920636378568
0.5149973537510193
0.5562495955766171
0.5971791562611584
0.6377734319440957
-5.6052219708574
-5.565578124392433
-5.526713879426044
-5.488978003945027
-5.452863867687789
-5.419048466414004
-5.388447765805143
-5.3623001459900905
-5.342298198513858
0.9523822678039968
0.951988114736269
0.9347246787364609
0.8931244458482235
0.8161127663169143
0.6887384059435009
0.4971466743345492
0.246532938371834
-0.019723116281755493
-0.24541911539904582
-0.40737422275977275
-0.5133265375256885
-0.5790209536572937
-0.6176294546629906
-0.6383319394046864
-0.6472871453831833
-0.6486864716594862
-0.645509465014361
-0.6400510558553375
-0.6343426319360139
-0.6305420394817778
-0.6311995337121387
-0.6387621318719399
-0.6522579532435216
-0.6577460218514076
-0.6192251975338081
-0.5124314993988531
-0.38467995959714596
-0.2856982000515842
-0.21024834547867077
-0.14171583476792304
-0.07267419941410003
-0.0018967929584439158
0.06985912850614673
0.14170889321703606
0.21313412956935918
0.28397701800209285
0.35432155199580406
0.42438902717591853
0.4944712135099061
0.5648934287103902
0.6359955386189209
0.7081220882776087
0.7816164470117322
0.8568164009288488
0.9340501168747464
1.0136322370259374
-5.187324937326444
-5.102172702238075
-5.013838344892051
-4.922081433018925
-4.826672490695788
-4.727381354822546
-4.623960295754486
-4.5161227987434795
-4.403520579850031
-4.285723709469288
-4.16221169919098
-4.032387030832449
-3.895626340312314
-3.751386412014936
-3.5993777222337346
-3.439799845945279
-3.2735940014793536
-3.1026155989323185
-2.929600434509788
-2.757847056869857
-2.5906760127273665
-2.430865634191065
-2.2802796885020165
-2.1397795438409672
-2.009365674904373
-1.888425453145505
-1.7759823591014228
-1.6708933292508288
-1.5719833897150264
-1.4781280750875294
-1.3882997086642832
-1.3015915974316576
-1.2172299480203996
-1.1345792661888978
-1.0531439036515098
-0.9725663298985943
-0.8926215377872108
-0.8132066435763602
-0.7343250993292454
-0.6560657934680812
-0.578578351212606
-0.502046784936651
-0.42666399250369946
-0.3526093705661921
-0.2800311325806901
-0.20903405677752618
-0.13967258615415346
-0.07194861096765615
-0.0058129269850120124
0.058830746149334034
0.122120237057183
0.184228757438754
0.24535873709859013
0.30573605437689566
0.365604841669503
0.42522287615445475
0.4848574485341415
0.5447815365253468
0.605270092248912
0.6665962832331029
0.7290276095081438
0.7928219627223649
0.858223908451142
-5.357723536971809
-5.288438828697916
-5.216911688949905
-5.142954649953453
-5.066373335690628
-4.9869402471992075
-4.904352868239406
-4.818169764324092
-4.72771494987955
-4.631934355824088
-4.5291762585433
-4.416846382557571
-4.290855192519068
-4.144741588937526
-3.9684216335318943
-3.747146693521797
-3.4640122269453877
-3.1149808453039434
-2.735362602331043
-2.3889403360941897
-2.1116645135661702
-1.8997843343775094
-1.736241244157866
-1.605953815749369
-1.4984341309634321
-1.406762912039877
-1.3263374690675376
-1.253998367436851
-1.18748714838736
-1.125118732895353
-1.0655844542804331
-1.007834734138914
-0.951011873310583
-0.8944159263204864
-0.8374933214415032
-0.7798405258567043
-0.7212146286435459
-0.6615407050446105
-0.600905060143458
-0.5395272365742414
-0.47771279985591764
-0.4157990844625341
-0.3541099936119516
-0.2929300244199551
-0.23249646880987118
-0.17300091817054208
-0.11459138760643106
-0.057371811789547866
-0.0014005122000810832
0.053309608591763036
0.10678793093272265
0.15910061311379797
0.21034399670490012
0.26063796682979845
0.3101197770973072
0.35893842052816227
0.407249387839812
0.4552095441945676
0.5029718122164919
0.550679341670663
0.5984588665443096
0.6464129995189913
0.6946112927568997
-5.54010531239485
-5.491394777064211
-5.442538542259028
-5.393714309219218
-5.345197137845702
-5.297378545689918
-5.250792426262952
-5.206154958890389
-5.1644324708839235
-5.126964474201977
-5.095697133865048
-5.073647173543556
1.2173054971361739
1.201449434823878
1.142805216808758
0.9977424244420241
0.6693217255535759
0.09282054881341306
-0.41274259873299823
-0.6676083863150001
-0.7825663508688194
-0.833235946907302
-0.8521291171860534
-0.8539563711438082
-0.8461072677417242
-0.832657703866349
-0.8160361845365418
-0.7977928269083767
-0.7789988616762167
-0.7604806748918633
-0.7429429747986335
-0.726900988917146
-0.7121363994827534
-0.6961501659675293
-0.6714583337164115
-0.6248134970724959
-0.5471991503069431
-0.45109980343744616
-0.36077052191270087
-0.28487991815616387
-0.2178566621065643
-0.15340988571695635
-0.08884312267117389
-0.023861675513408898
0.04102383879984339
0.10530973075389505
0.16873548583184683
0.23126992922727263
0.29303466874522943
0.3542373128182408
0.4151292775959958
0.47598300547121086
0.5370804692576177
0.5987070649947346
0.6611475982231454
0.7246828352375076
0.7895860999483855
0.8561199780977216
0.9245336045170367
-5.288123902085452
-5.21526069751104
-5.139847943852006
-5.061665465049919
-4.980463862112133
-4.895927327591721
-4.807617285169375
-4.714889518833084
-4.616773639833332
-4.511797251768382
-4.397727398330833
-4.271191485691529
-4.1271461557370825
-3.9582569718639973
-3.7546703414546907
-3.505924090832435
-3.208638545046517
-2.8798773588972626
-2.5582652768953444
-2.2784502634751234
-2.051086779184936
-1.8696463125274765
-1.7231525594435646
-1.6020315554670979
-1.4991942031344658
-1.40961554389888
-1.3297248789623985
-1.2569267986280461
-1.1892747802178874
-1.12525933209262
-1.0636736856621687
-1.0035311878035236
-0.9440183606233481
-0.8844743445127584
-0.8243908675027979
-0.7634265065439793
-0.7014249683367956
-0.6384221042846151
-0.574626200901945
-0.5103659800733393
-0.44601834598604306
-0.3819412069133039
-0.3184337257583312
-0.2557285994679235
-0.19400327492264213
-0.1333925224972159
-0.0739930201171548
-0.015861190710931172
0.04098985416741252
0.09659010857667027
0.15100865763093885
0.20434740788253603
0.2567342567850961
0.30831666195706875
0.35925587712175844
0.4097217381248126
0.4598877312654066
0.5099260355228381
0.5600022351445872
0.6102694313484647
0.6608615436123979
0.7118856880018205
0.763413652623941
-5.467712661564637
-5.415149673615039
-5.362173656867548
-5.30894897778795
-5.255722865658367
-5.20283612802409
-5.150738333806057
-5.100014228228327
-5.051434854304899
-5.006060789281235
-4.965457399355163
-4.932167651997039
-4.910846152847492
1.3718090149713593
1.3238194588939043
1.139761056887508
0.44010893002109475
-0.5609169403760994
-0.873193279254932
-0.962677774288903
-0.9865437589448526
-0.9844962589379352
-0.9703626148340844
-0.9501511188911387
-0.9268961960791031
-0.902314886511042
-0.877493486914161
-0.8532396837936933
-0.8303171326817167
-0.8096142754362963
-0.7921274282568922
-0.77828500307237
-0.7655121897323327
-0.7430257357025644
-0.6888617093529095
-0.5882124062047629
-0.4656153735816677
-0.35853950776369503
-0.273164715526218
-0.19875494019776618
-0.12736984195455858
-0.056238800263394895
0.014874261617561224
0.08554881125498826
0.15544797755554485
0.22447397557644622
0.2927237032793579
0.3604130990715875
0.42782101483199564
0.49525689259634453
0.5630444184035741
0.6315135305037478
0.7009959965472965
0.7718221393276199
0.8443177221700084
0.9188007837123875
0.9955786657224412
-5.208239491021377
-5.126002040488956
-5.04062431680267
-4.95184071212889
-4.859377391300953
-4.762932380470021
-4.662147436378287
-4.556571836681487
-4.445620022963418
-4.328528015347107
-4.204318568649402
-4.0717935684642566
-3.92958564711604
-3.776318530177435
-3.6109372182926425
-3.43324460649083
-3.2445695932267014
-3.0482765603439654
-2.849655922917319
-2.6549314939602806
-2.4697451546073106
-2.2979412074212258
-2.141200904438674
-1.9994172216850643
-1.871356872947219
-1.755253616002037
-1.6492047849404996
-1.5513873552416122
-1.4601536464775104
-1.3740606654911447
-1.2918688157202198
-1.2125301113192055
-1.1351758321219168
-1.0591074956919657
-0.9837914027135333
-0.9088546883782607
-0.8340793780109667
-0.7593906053935305
-0.68483632400092
-0.6105585069194607
-0.5367590376962603
-0.4636655989230365
-0.3915026289652439
-0.32047007322848176
-0.2507298086683296
-0.18239792761207174
-0.11554099161828635
-0.050175150928674306
0.01373232762708021
0.07625947273044664
0.13752451792628806
0.19768002336063772
0.25690687065532014
0.3154085817515915
0.3734061689930839
0.43113352607653854
0.4888332406648317
0.5467526434911769
0.6051398955101797
0.664239949918787
0.7242903129342757
0.7855166748256832
0.8481287019349821
-5.370868726439467
-5.304936016904082
-5.237109260599648
-5.167252397204021
-5.095228111121145
-5.020872118412227
-4.943951296443009
-4.86409827230681
-4.780709962484265
-4.692786877975834
-4.59866745005269
-4.495563075856727
-4.37869278581286
-4.2395821545304
-4.06264102873369
-3.818966665929346
-3.4627505964863734
-2.97436548913916
-2.4713422124962
-2.0947176686058335
-1.8425531511462494
-1.6676942003792647
-1.5378472860251389
-1.4352954111194451
-1.350282629543719
-1.277140568419941
-1.2123605125000543
-1.1536290615324831
-1.0993254910042043
-1.0482432233101056
-0.9994140540044893
-0.9519601084580996
-0.9049180242757323
-0.85700748765636
-0.8063980762305183
-0.7507064692573648
-0.687646481183271
-0.6165171089009633
-0.5395552336089614
-0.46125185659390056
-0.3856037626098445
-0.31410644710604485
-0.24615250546739742
-0.18051745219141124
-0.11633031011558415
-0.053248543480961086
0.00875186303249964
0.06961118637072228
0.1293143515007109
0.18792424528247298
0.24556938225110314
0.30242179031689687
0.35867953542465103
0.4145557338478576
0.470271861839052
0.5260530954029523
0.5821242685727359
0.6387057455006349
0.6960089263338278
0.7542313715235083
0.8135517560411567
-5.409060181575235
-5.347106056953233
-5.2836720504135135
-5.218685147801601
-5.1520899122914265
-5.083831235751214
-5.013824734225958
-4.94190932066927
-4.867772513563579
-4.790830094411577
-4.7100211450464045
-4.623430053309738
-4.527519393637296
-4.415393464042873
-4.272343878722031
-4.062774428618596
-3.690284021321089
-2.981659737110479
-2.235313248070051
-1.8350395196638085
-1.6206979000640935
-1.4834729580882158
-1.383131119314946
-1.303207449071023
-1.235943311036122
-1.1772382867347586
-1.1247321630367924
-1.077001622667457
-1.0332153389726566
-0.9929946975029125
-0.9563219148608755
-0.9232568317191436
-0.892957098461303
-0.861178557789347
-0.8163577278546176
-0.7403128497431687
-0.6263526399013484
-0.4987581525460303
-0.38683935141987247
-0.29510934574912784
-0.21489192295658288
-0.1391688413686878
-0.06500791139114792
0.008262432179694468
0.0805872677642363
0.15186602639552316
0.22213572493411848
0.291564088240698
0.3604017556241317
0.428943516965111
0.4975058933053573
0.5664160646811782
0.6360064913005381
0.7066116714812154
0.7785653230422724
0.8521973667588107
0.9278306597611059
1.005777755691812
-5.196847075720033
-5.113387919691703
-5.026757911724074
-4.936693128396991
-4.842927934402642
-4.745178802674559
-4.64312138168615
-4.536361426076228
-4.424402078373813
-4.306612870649454
-4.182210178414255
-4.050265300214226
-3.9097649694965932
-3.759757678950364
-3.599619248251055
-3.429443890725369
-3.250489370292509
-3.0654829284006277
-2.8785196895501084
-2.6944113755251786
-2.517684233231239
-2.351695925709634
-2.1982453200936822
-2.05769631518227
-1.9293817356544554
-1.8120408224689455
-1.704159180424274
-1.6041853277128015
-1.510648482711147
-1.4222125518331161
-1.3376947997617563
-1.2560681381268066
-1.1764583487009876
-1.098142466843676
-1.0205510379595117
-0.9432738486614828
-0.8660654139613574
-0.7888435779017344
-0.7116739755910447
-0.6347367736791382
-0.5582796314396912
-0.4825680833456516
-0.40784613274227355
-0.3343140719799633
-0.26212165585397074
-0.19136920948366365
-0.12210985202061275
-0.054350253883911126
0.011949089027949666
0.07687225406807907
0.1405442271560211
0.2031256621197377
0.26480701956937547
0.32580286081036447
0.3863466847428225
0.4466863811415913
0.5070801951687169
0.5677930230420833
0.6290928504228557
0.6912471870774599
0.7545194443631935
0.8191653556459859
0.8854297666168716
-5.32964087320576
-5.259457434224746
-5.186996521918284
-5.112050132120149
-5.034393372451149
-4.9537547815147285
-4.869769709205004
-4.781909869534558
-4.68937845331361
-4.590953339690745
-4.484748824872684
-4.367846713925431
-4.235723288730638
-4.081401116730172
-3.894442795131736
-3.6608725093656376
-3.368128606873724
-3.0217484310985596
-2.662519251657626
-2.3435673698427912
-2.088191699307291
-1.8902409111839966
-1.7350627792583548
-1.6099844680651803
-1.5060423319046974
-1.417201396456219
-1.33939711498501
-1.2698556450761254
-1.2066740418328799
-1.1485673089249597
-1.0946753939180562
-1.0442736649438251
-0.9961190331879797
-0.947076639138671
-0.890124202356541
-0.8141340728044328
-0.7112361071479508
-0.5900043092841752
-0.47194433115252377
-0.3697279500323387
-0.28157878337353814
-0.20133793145424228
-0.12476737629573176
-0.05005677052615698
0.023307736794327294
0.09541971664032056
0.1663471250012274
0.23623943976471518
0.30532274648024527
0.3738714763818989
0.4421864041908177
0.5105824668247065
0.5793828163867067
0.6489155739160448
0.7195112732132469
0.7915001583839247
0.8652091389839582
0.9409585374931724
1.0190589915626203
-5.183376201038923
-5.099690591236476
-5.01279441814545
-4.9224172986357
-4.828281996752125
-4.730086300575996
-4.627477860577395
-4.520022798517196
-4.407170964896526
-4.28822397134769
-4.162317166794933
-4.028434309030375
-3.885483854977821
-3.7324753915525584
-3.5688324298424483
-3.394839679718091
-3.2121229180324944
-3.023917666441296
-2.834828668009953
-2.6499897849019933
-2.473946054790828
-2.309805722645637
-2.158989690453236
-2.021493697626274
-1.8963673900980795
-1.7821663034195323
-1.6772743459328994
-1.5800945262852824
-1.4891433933357723
-1.4030860680670327
-1.3207383550388827
-1.2410523994055767
-1.163096788671101
-1.0860413592066207
-1.009159460832063
-0.9318611711961879
-0.8537619036472317
-0.7747661858822157
-0.695114920041823
-0.6153368758797045
-0.5360910608929139
-0.4579660355428883
-0.38134173826518625
-0.30637255901202387
-0.23306249616917252
-0.1613566873319061
-0.0911941402730796
-0.022514576507311146
0.04475770226055187
0.11072963921327883
0.17554544176830245
0.2393843291532498
0.30245469864210794
0.3649879605747579
0.4272332381689703
0.48945299081359805
0.5519192708163911
0.6149103154947388
0.6787072585435352
0.7435908492332941
0.8098382028449262
0.8777197944555093
0.9474971709287798
-5.263763102909327
-5.189446163181639
-5.11249407060277
-5.032651055247099
-4.949625415144344
-4.863052498810822
-4.772439328792718
-4.677084530485357
-4.5759647014013165
-4.467574729247604
-4.3497060709738795
-4.219149969736016
-4.071344540597225
-3.9001128711834037
-3.6980209910815116
-3.4586753788525417
-3.182666680508164
-2.885075131624949
-2.593855504084864
-2.3341826401724717
-2.1161191083009605
-1.9371294268653738
-1.7898601194630936
-1.6668842862813795
-1.5622306626412163
-1.471499027303495
-1.391625052253788
-1.3206959196297479
-1.2579360898913299
-1.2038337553783947
-1.1600555170189268
-1.1277678478731805
-1.1007634290206927
-1.050634330710955
-0.9248280382555488
-0.7144210487955995
-0.504938231265095
-0.34969016632321237
-0.23365680503662278
-0.13531681298426346
-0.04410501638533715
0.043834767797359175
0.12977837644063728
0.21423656077246456
0.2975578522615905
0.38008007899912455
0.46215054419072565
0.5441205212463307
0.626339820774757
0.7091538005768585
0.792900915678814
0.87790939882745
0.9644925700989362
1.0529427752977216
1.143524157506428
1.2364645783490948
-4.951238169478966
-4.853083390283711
-4.752186548914435
-4.648543279792834
-4.542217002300078
-4.433337553144855
-4.322095823768672
-4.208734692194715
-4.093537202539944
-3.97681348217833
-3.8588881167473605
-3.7400895224103134
-3.6207422845824935
-3.5011626223385237
-3.3816563166156213
-3.2625178388565974
-3.144029195478004
-3.026457209398429
-2.9100485194025603
-2.795022324540283
-2.681561625336486
-2.5698042282085405
-2.45983497168209
-2.3516804938495097
-2.245307474753558
-2.140624791388835
-2.0374895510292887
-1.9357166101153778
-1.8350909681510297
-1.7353823211917936
-1.63636100777181
-1.537814517446511
-1.4395636154925988
-1.34147696433281
-1.243482942135259
-1.145577269088893
-1.0478251723800245
-0.9503572463751867
-0.8533589039895273
-0.7570542522646003
-0.6616861318097028
-0.5674946749134948
-0.4746968773633111
-0.383469319357191
-0.2939354478795786
-0.20615797274459702
-0.12013614957991692
-0.035807166759487474
0.0469494339573322
0.12830541935701056
0.20847659745574232
0.2877153829213379
0.36630369862484247
0.44454647233829636
0.5227657839252586
0.6012955655674388
0.680476655432052
0.7606519490878725
0.8421613784302378
0.9253364731026612
1.0104943258861077
1.0979308944830766
1.187913728885503
-5.002510897256766
-4.906784106992816
-4.807952704408871
-4.7059326725767185
-4.600696731124877
-4.492273613417407
-4.380744377226909
-4.266236439457872
-4.148916736895256
-4.028985926921085
-3.9066756128241993
-3.7822500354294695
-3.65601249422146
-3.5283151259826955
-3.3995689634971744
-3.270249963961466
-3.1408965079622693
-3.0120951079521108
-2.884453666305954
-2.758564928208608
-2.6349656714068246
-2.514098567088529
-2.396283017302241
-2.2816989639897076
-2.170384652386568
-2.0622466928797683
-1.9570791830054068
-1.8545882490521572
-1.7544188556800524
-1.65618167405854
-1.559478807866559
-1.463927986412413
-1.369185270068892
-1.2749662401273534
-1.1810649804715638
-1.0873689971351126
-0.9938670247309541
-0.9006463075154382
-0.8078773221943003
-0.7157871575715615
-0.6246265970541155
-0.5346381172475281
-0.4460309646861933
-0.3589658154921558
-0.27354768483783665
-0.18982394130048474
-0.10778480561558856
-0.027365226975590184
0.0515519218602567
0.12913125646983836
0.20557918150479204
0.28113765241930877
0.3560779781244523
0.43069505250739826
0.5053021657705619
0.5802263564742272
0.6558041439537905
0.7323774192240557
0.8102892583845354
0.8898794499881317
0.9714795967994951
1.055407765242967
1.14196281260941
-5.051766593184711
-4.959165894184691
-4.863210422651446
-4.7637261548999295
-4.660574448999069
-4.553648752907281
-4.442869169210671
-4.328176482648294
-4.20952839860499
-4.086901702409496
-3.9603044138788537
-3.8298012748690455
-3.6955535579284646
-3.557869903231608
-3.417258974288651
-3.274468675692683
-3.130493526468592
-2.986535214742325
-2.8439131455780444
-2.703938854718708
-2.5677825219803587
-2.4363633472425135
-2.310286229316707
-2.189830755552059
-2.0749837342722017
-1.9654989422398434
-1.8609674288050926
-1.7608849559610436
-1.6647054839728463
-1.5718672571026708
-1.481768459466544
-1.3936534772693283
-1.3063611597952198
-1.217927024179693
-1.1252194278900858
-1.0242148231019297
-0.9118580180477147
-0.7893550446008284
-0.6635792155925652
-0.5431812803505411
-0.4329731190797661
-0.3327491188788776
-0.2398970406646206
-0.15183295474513758
-0.06685689151265084
0.015958158561786506
0.0971108622380239
0.17693001882602544
0.25570261593188737
0.3337190956095608
0.4112833472663706
0.48871232897582906
0.5663337498523173
0.6444833588604046
0.7235017180626924
0.8037302901833754
0.8855067970255255
0.9691598410168205
1.0550027938074953
1.143327015680814
1.2343945985102451
-4.954754300406275
-4.857567121659787
-4.757096455583994
-4.65326259660024
-4.54604013466572
-4.435456578444699
-4.321588787773687
-4.204558425328225
-4.084528269873868
-3.961701484986299
-3.836325553021915
-3.70870143076689
-3.579196645930507
-3.4482589047998076
-3.3164249830063897
-3.1843190548789435
-3.0526358838474446
-2.922107581450039
-2.7934571702028332
-2.6673463703851175
-2.544327171014059
-2.424805968982595
-2.3090258430003336
-2.197068362731562
-2.0888727979538415
-1.9842684708953091
-1.8830148222697
-1.784841615011297
-1.6894747347341563
-1.5966147167769906
-1.5057970218138697
-1.4160052644012637
-1.3248824343102887
-1.2276107242826049
-1.1165216278243193
-0.9843002006707477
-0.8323733223983456
-0.6755939314869746
-0.5313612650075272
-0.40620115891108766
-0.2968355997307659
-0.19759249070661777
-0.10424873827224879
-0.014417978595416159
0.07311444180355497
0.15899443593585638
0.24363819365425687
0.32738319198946497
0.4105458040039047
0.49344114213261103
0.5763889735926755
0.6597139932027032
0.7437432008817109
0.828801524718008
0.9152062767717164
1.0032607058425382
1.0932467214353976
1.1854168221701442
1.2799853564416628
-4.906065871716184
-4.806255244508631
-4.703721022196934
-4.598485962074425
-4.490645460867849
-4.380366539455089
-4.267882543497335
-4.153483719300552
-4.037504484343082
-3.9203087633461884
-3.8022750314997085
-3.6837825993627025
-3.565200214530705
-3.446877388246409
-3.329138190033129
-3.2122767844704336
-3.0965538239961763
-2.9821929628088024
-2.8693771271324153
-2.758244622923125
-2.6488855418516626
-2.541339141888094
-2.4355928939583613
-2.331583719236286
-2.229201636464825
-2.1282956251083855
-2.028680966332271
-1.930146555123822
-1.8324595393318153
-1.735363076187281
-1.6385614021656802
-1.5416863952010955
-1.4442452033265822
-1.3455655326313622
-1.244788326937509
-1.1409957764513967
-1.0335568145175265
-0.9226401133704036
-0.8095837413075039
-0.6966839624223256
-0.5863359123190601
-0.4800981009021872
-0.37834779715352695
-0.2805991934841954
-0.18605280000589364
-0.09398341570432378
-0.0038679571009809788
0.08465153504433487
0.17184943179437062
0.2579780648851706
0.3432977386166316
0.4280858736378552
0.5126366586154765
0.5972573015826483
0.6822631479737804
0.7679723122711628
0.8546999379143156
0.9427520113328896
1.032418581267992
1.1239662432861668
1.217629840410683
1.3136034957728615
-4.871153990442169
-4.770186939542285
-4.666662547222837
-4.560635412367096
-4.452235367787858
-4.341665848561658
-4.229197583503651
-4.115157692644453
-3.9999149693357996
-3.8838627408448536
-3.7674010615676936
-3.6509199904203875
-3.5347853451044076
-3.419327731128721
-3.304834997006524
-3.1915477449863703
-3.079657238342933
-2.9693050129685368
-2.860583673166431
-2.7535386485043745
-2.6481710426625407
-2.544442098423138
-2.4422802957253755
-2.341592856844262
-2.242284739678172
-2.144290387994372
-2.04762642416063
-1.9524742341625232
-1.859286728200142
-1.7688379519484423
-1.6818717896949318
-1.597307236619388
-1.5068075539362022
-1.3847038182896703
-1.1869400237690364
-0.9025621895331083
-0.6157186397367111
-0.3990579051272134
-0.24350728881169492
-0.12091003128076272
-0.013745749743727886
0.08629757220476608
0.18285197503009343
0.2774702448058066
0.3708504018537655
0.4633758349752064
0.5553355636094388
0.6470011222824621
0.7386452428342722
0.8305409415330123
0.9229558803886462
1.0161461561814256
1.1103499168752748
1.2057804709484736
1.3026187366230417
1.4010051702221138
-4.782153750439615
-4.680452036626031
-4.5771024717878745
-4.472199517758985
-4.365905390069714
-4.258446540684031
-4.150105322828898
-4.041206913954363
-3.9321023027737834
-3.8231488304788126
-3.7146902305293805
-3.6070382028067525
-3.5004572589176703
-3.3951539758774927
-3.291271064502447
-3.1888859788105894
-3.088013297905501
-2.9886098586463974
-2.8905815896670557
-2.7937911336237686
-2.6980655702491383
-2.603203803240947
-2.508983405427556
-2.4151669064611836
-2.3215076488242157
-2.2277554333698655
-2.13366222967186
-2.0389882417306664
-1.9435085937600196
-1.8470208257709007
-1.7493532522153186
-1.6503740275705387
-1.5500004789150934
-1.4482079285168696
-1.3450368958537082
-1.2405973344973749
-1.1350685454285985
-1.0286937182849782
-0.9217687135626654
-0.8146256153521667
-0.7076125353046222
-0.6010718590358224
-0.49531938019678945
-0.3906265041600463
-0.2872070362195229
-0.18520922113623373
-0.0847129012727188
0.014268933318114962
0.11178525787975668
0.2079399258382706
0.3028834157406468
0.39680423355842165
0.48992053537443536
0.5824722853092525
0.6747140497444526
0.7669083649539501
0.8593195031962095
0.9522073985849167
1.0458214743527272
1.1403941355278637
1.23613375708148
1.3332171112899884
1.4317813428302422
-4.751269493495787
-4.649530919693797
-4.546216336525143
-4.441419987688758
-4.335303121661809
-4.228090574019939
-4.120062525670621
-4.011541493091083
-3.902875341057449
-3.7944178024234754
-3.686508456865689
-3.5794542240439284
-3.473514134896731
-3.3688885454921587
-3.265713220681028
-3.1640580244976633
-3.0639294483859345
-2.9652759458736533
-2.8679950081382217
-2.7719410472855865
-2.676933377117868
-2.5827638283946572
-2.489203761770488
-2.39601042324028
-2.3029327177165375
-2.2097165611461005
-2.1161100217136544
-2.0218684913771265
-1.926760157537089
-1.8305720867843691
-1.7331172924376363
-1.6342432065791705
-1.5338419257347287
-1.4318622795117402
-1.328322981352891
-1.2233247839371972
-1.1170579952427013
-1.009800808483221
-0.90190486759586
-0.7937679349680659
-0.6857983931814421
-0.578379899976665
-0.47184427897716286
-0.3664565811052001
-0.26241095321303054
-0.15983283536768278
-0.05878327313650522
0.040736638933253966
0.1387811771596157
0.2354546157834232
0.33090477473948665
0.42531576511402336
0.5189004677825901
0.6118932090387796
0.7045428763170751
0.7971064989987706
0.8898431645635214
0.9830080534762027
1.0768463457932422
1.1715867701189073
1.2674346294675516
1.364564251489834
1.4631109753232385
-4.720022305751088
-4.6184316281191435
-4.515330253004225
-4.410811615145547
-4.305035457135158
-4.198224372413469
-4.090655517331809
-3.9826475584315366
-3.8745436592548286
-3.766692005970584
-3.6594258357355525
-3.5530450295047404
-3.447801032370853
-3.3438862595138814
-3.2414284061247245
-3.140489390899508
-3.041068162350779
-2.9431063436333087
-2.8464956692756953
-2.7510863146311824
-2.6566954608327533
-2.5631157088378047
-2.4701232082493725
-2.3774855648205624
-2.284969690446048
-2.1923496611502835
-2.099414103083588
-2.0059710555907
-1.911844462110724
-1.8168482939176251
-1.7207091595269721
-1.622886169190257
-1.5222221078569644
-1.4164089969764968
-1.301500896256103
-1.1723165613841449
-1.0251686694947857
-0.8628706536495628
-0.6968622304070364
-0.5407536844122589
-0.4014139343543184
-0.27774088215362003
-0.16517686439695267
-0.059443855554468294
0.04225307949625612
0.14142193622372323
0.2388067427698004
0.334796912474256
0.42965380519916785
0.5236093953551675
0.6168996245294172
0.7097709894928059
0.8024780581484603
0.8952784235595048
0.9884270074939201
1.08217006632657
1.1767388180016876
1.272342548909418
1.3691611369110066
1.4673370777669663
-4.716217998652141
-4.6150899409915365
-4.512480636177232
-4.408471379524119
-4.303209584992644
-4.196906023494402
-4.089827278805798
-3.9822833882240345
-3.8746113643196773
-3.767156006876737
-3.6602499218413094
-3.5541948189483783
-3.449245914780245
-3.345600697528294
-3.243392577436002
-3.142689240695686
-3.043494991504417
-2.9457560770644173
-2.849367936967143
-2.754183444285262
-2.6600214352828804
-2.566675089019774
-2.4739199656976334
-2.3815217055123727
-2.2892434860603585
-2.196853252958403
-2.104130280340494
-2.010869348910888
-1.9168778672917257
-1.8219550770082098
-1.7258310987463716
-1.628026422368598
-1.5275763650559329
-1.4225768948206396
-1.3096042369305725
-1.1832595552483987
-1.0359793372817472
-0.8559872319245407
-0.6134748039898145
-0.21971582391990485
0.4117044178536863
0.9643467963719803
1.2826236725762006
1.4877747760765572
1.5755250646165349
-1.4615177681119194
-1.3634824832826753
1.8746650837603382
5.111560662145795
nan
nan
nan
nan
nan
nan
nan
nan
nan
nan
nan
nan
nan
nan
nan
nan
nan
nan
nan
nan
nan
nan
nan
nan
nan
nan
nan
nan
nan
nan
nan
nan
nan
nan
nan
nan
nan
nan
nan
nan
nan
nan
nan
nan
nan
nan
nan
nan
nan
nan
nan
nan
nan
nan
nan
nan
nan
nan
nan
nan
nan
nan
nan
nan
nan
nan
nan
nan
nan
nan
nan
nan
nan
nan
nan
nan
nan
nan
nan
nan
nan
nan
nan
nan
nan
nan
nan
nan
nan
nan
nan
nan
nan
nan
nan
nan
nan
nan
nan
nan
nan
nan
nan
nan
nan
nan
nan
nan
nan
nan
nan
nan
nan
nan
nan
nan
nan
nan
nan
nan
nan
nan
nan
nan
nan
nan
nan
nan
nan
nan
nan
nan
nan
nan
nan
nan
nan
nan
nan
nan
nan
nan
nan
nan
nan
nan
nan
nan
nan
nan
nan
nan
nan
nan
nan
nan
nan
nan
nan
nan
nan
nan
nan
nan
nan
nan
nan
nan
nan
nan
nan
nan
nan
nan
nan
nan
nan
nan
nan
nan
nan
nan
nan
nan
nan
nan
nan
nan
nan
nan
nan
nan
nan
nan
nan
nan
nan
nan
nan
nan
nan
nan
nan
nan
nan
nan
nan
nan
nan
nan
nan
nan
nan
nan
nan
nan
nan
nan
nan
nan
nan
nan
nan
nan
nan
nan
nan
nan
nan
nan
nan
nan
nan
nan
nan
nan
nan
nan
nan
nan
nan
nan
nan
nan
nan
nan
nan
nan
nan
nan
nan
nan
nan
nan
nan
nan
nan
nan
nan
nan
nan
nan
nan
nan
nan
nan
nan
nan
nan
nan
nan
nan
nan
nan
nan
nan
nan
nan
nan
nan
nan
nan
nan
nan
nan
nan
nan
nan
nan
nan
nan
nan
nan
nan
nan
nan
nan
nan
nan
nan
nan
nan
nan
nan
nan
nan
nan
nan
nan
nan
nan
nan
nan
nan
nan
nan
nan
nan
nan
nan
nan
nan
nan
nan
nan
nan
nan
nan
nan
nan
nan
nan
nan
nan
nan
nan
nan
nan
nan
nan
nan
nan
nan
nan
nan
nan
nan
nan
nan
nan
nan
nan
nan
nan
nan
nan
nan
nan
nan
nan
nan
nan
nan
nan
nan
nan
nan
nan
nan
nan
nan
nan
nan
nan
nan
nan
nan
nan
nan
nan
nan
nan
nan
nan
nan
nan
nan
nan
nan
nan
nan
nan
nan
nan
nan
nan
nan
nan
nan
nan
nan
nan
nan
nan
nan
nan
nan
nan
nan
nan
nan
nan
nan
nan
nan
nan
nan
nan
nan
nan
nan
nan
nan
nan
nan
nan
nan
nan
nan
nan
nan
nan
nan
nan
nan
nan
nan
nan
nan
nan
nan
nan
nan
nan
nan
nan
nan
nan
nan
nan
nan
nan
nan
nan
nan
nan
nan
nan
nan
nan
nan
nan
nan
nan
nan
nan
nan
nan
nan
nan
nan
nan
nan
nan
nan
nan
nan
nan
nan
nan
nan
nan
nan
nan
nan
nan
nan
nan
nan
nan
nan
nan
nan
nan
nan
nan
nan
nan
nan
nan
nan
nan
nan
nan
nan
nan
nan
nan
nan
nan
nan
nan
nan
nan
nan
nan
nan
nan
nan
nan
nan
nan
nan
nan
nan
nan
nan
nan
nan
nan
nan
nan
nan
nan
nan
nan
nan
nan
nan
nan
nan
nan
nan
nan
nan
nan
nan
nan
nan
nan
nan
nan
nan
nan
nan
nan
nan
nan
nan
nan
nan
nan
nan
nan
nan
nan
nan
nan
nan
nan
nan
nan
nan
nan
nan
nan
nan
nan
nan
nan
nan
nan
nan
nan
nan
nan
nan
nan
nan
nan
nan
nan
nan
nan
nan
nan
nan
nan
nan
nan
nan
nan
nan
nan
nan
nan
nan
nan
nan
nan
nan
nan
nan
nan
nan
nan
nan
nan
nan
nan
nan
nan
nan
nan
nan
nan
nan
nan
nan
nan
nan
nan
nan
nan
nan
nan
nan
nan
nan
nan
nan
nan
nan
nan
nan
nan
nan
nan
nan
nan
nan
nan
nan
nan
nan
nan
nan
nan
nan
nan
nan
nan
nan
nan
nan
nan
nan
nan
nan
nan
nan
nan
nan
nan
nan
nan
nan
nan
nan
nan
nan
nan
nan
nan
nan
nan
nan
nan
nan
nan
nan
nan
nan
nan
nan
nan
nan
nan
nan
nan
nan
nan
nan
nan
nan
nan
nan
nan
nan
nan
nan
nan
nan
nan
nan
nan
nan
nan
nan
nan
nan
nan
nan
nan
nan
nan
nan
nan
nan
nan
nan
nan
nan
nan
nan
nan
nan
nan
nan
nan
nan
nan
nan
nan
nan
nan
nan
nan
nan
nan
nan
nan
nan
nan
nan
nan
nan
nan
nan
nan
nan
nan
nan
nan
nan
nan
nan
nan
nan
nan
nan
nan
nan
nan
nan
nan
nan
nan
nan
nan
nan
nan
nan
nan
nan
nan
nan
nan
nan
nan
nan
nan
nan
nan
nan
nan
nan
nan
nan
nan
nan
nan
nan
nan
nan
nan
nan
nan
nan
nan
nan
nan
nan
nan
nan
nan
nan
nan
nan
nan
nan
nan
nan
nan
nan
nan
nan
nan
nan
nan
nan
nan
nan
nan
nan
nan
nan
nan
nan
nan
nan
nan
nan
nan
nan
nan
nan
nan
nan
nan
nan
nan
nan
nan
nan
nan
nan
nan
nan
nan
nan
nan
nan
nan
nan
nan
nan
nan
nan
nan
nan
nan
nan
nan
nan
nan
nan
nan
nan
nan
nan
nan
nan
nan
nan
nan
nan
nan
nan
nan
nan
nan
nan
nan
nan
nan
nan
nan
nan
nan
nan
nan
nan
nan
nan
nan
nan
nan
nan
nan
nan
nan
nan
nan
nan
nan
nan
nan
nan
nan
nan
nan
nan
nan
nan
nan
nan
nan
nan
nan
nan
nan
nan
nan
nan
nan
nan
nan
nan
nan
nan
nan
nan
nan
nan
nan
nan
nan
nan
nan
nan
nan
nan
nan
nan
nan
nan
nan
nan
nan
nan
nan
nan
nan
nan
nan
nan
nan
nan
nan
nan
nan
nan
nan
nan
nan
nan
nan
nan
nan
nan
nan
nan
nan
nan
nan
nan
nan
nan
nan
nan
nan
nan
nan
nan
nan
nan
nan
nan
nan
nan
nan
nan
nan
nan
nan
nan
nan
nan
nan
nan
nan
nan
nan
nan
nan
nan
nan
nan
nan
nan
nan
nan
nan
nan
nan
nan
nan
nan
nan
nan
nan
nan
nan
nan
nan
nan
nan
nan
nan
nan
nan
nan
nan
nan
nan
nan
nan
nan
nan
nan
nan
nan
nan
nan
nan
nan
nan
nan
nan
nan
nan
nan
nan
nan
nan
nan
nan
nan
nan
nan
nan
nan
nan
nan
nan
nan
nan
nan
nan
nan
nan
nan
nan
nan
nan
nan
nan
nan
nan
nan
nan
nan
nan
nan
nan
nan
nan
nan
nan
nan
nan
nan
nan
nan
nan
nan
nan
nan
nan
nan
nan
nan
nan
nan
nan
nan
nan
nan
nan
nan
nan
nan
nan
nan
nan
nan
nan
nan
nan
nan
nan
nan
nan
nan
nan
nan
nan
nan
nan
nan
nan
nan
nan
nan
nan
nan
nan
nan
nan
nan
nan
nan
nan
nan
nan
nan
nan
nan
nan
nan
nan
nan
nan
nan
nan
nan
nan
nan
nan
nan
nan
nan
nan
nan
nan
nan
nan
nan
nan
nan
nan
nan
nan
nan
nan
nan
nan
nan
nan
nan
nan
nan
nan
nan
nan
nan
nan
nan
nan
nan
nan
nan
nan
nan
nan
nan
nan
nan
nan
nan
nan
nan
nan
nan
nan
nan
nan
nan
nan
nan
nan
nan
nan
nan
nan
nan
nan
nan
nan
nan
nan
nan
nan
nan
nan
nan
nan
nan
nan
nan
nan
nan
nan
nan
nan
nan
nan
nan
nan
nan
nan
nan
nan
nan
nan
nan
nan
nan
nan
nan
nan
nan
nan
nan
nan
nan
nan
nan
nan
nan
nan
nan
nan
nan
nan
nan
nan
nan
nan
nan
nan
nan
nan
nan
nan
nan
nan
nan
nan
nan
nan
nan
nan
nan
nan
nan
nan
nan
nan
nan
nan
nan
nan
nan
nan
nan
nan
nan
nan
nan
nan
nan
nan
nan
nan
nan
nan
nan
nan
nan
nan
nan
nan
nan
nan
nan
nan
nan
nan
nan
nan
nan
nan
nan
nan
nan
nan
nan
nan
nan
nan
nan
nan
nan
nan
nan
nan
nan
nan
nan
nan
nan
nan
nan
nan
nan
nan
nan
nan
nan
nan
nan
nan
nan
nan
nan
nan
nan
nan
nan
nan
nan
nan
nan
nan
nan
nan
nan
nan
nan
nan
nan
nan
nan
nan
nan
nan
nan
nan
nan
nan
nan
nan
nan
nan
nan
nan
nan
nan
nan
nan
nan
nan
nan
nan
nan
nan
nan
nan
nan
nan
nan
nan
nan
nan
nan
nan
nan
nan
nan
nan
nan
nan
nan
nan
nan
nan
nan
nan
nan
nan
nan
nan
nan
nan
nan
nan
nan
nan
nan
nan
nan
nan
nan
nan
nan
nan
nan
nan
nan
nan
nan
nan
nan
nan
nan
nan
nan
nan
nan
nan
nan
nan
nan
nan
nan
nan
nan
nan
nan
nan
nan
nan
nan
nan
nan
nan
nan
nan
nan
nan
nan
nan
nan
nan
nan
nan
nan
nan
nan
nan
nan
nan
nan
nan
nan
nan
nan
nan
nan
nan
nan
nan
nan
nan
nan
nan
nan
nan
nan
nan
nan
nan
nan
nan
nan
nan
nan
nan
nan
nan
nan
nan
nan
nan
nan
nan
nan
nan
nan
nan
nan
nan
nan
nan
nan
nan
nan
nan
nan
nan
nan
nan
nan
nan
nan
nan
nan
nan
nan
nan
nan
nan
nan
nan
nan
nan
nan
nan
nan
nan
nan
nan
nan
nan
nan
nan
nan
nan
nan
nan
nan
nan
nan
nan
nan
nan
nan
nan
nan
nan
nan
nan
nan
nan
nan
nan
nan
nan
nan
nan
nan
nan
nan
nan
nan
nan
nan
nan
nan
nan
nan
nan
nan
nan
nan
nan
nan
nan
nan
nan
nan
nan
nan
nan
nan
nan
nan
nan
nan
nan
nan
nan
nan
nan
nan
nan
nan
nan
nan
nan
nan
nan
nan
nan
nan
nan
nan
nan
nan
nan
nan
nan
nan
nan
nan
nan
nan
nan
nan
nan
nan
nan
nan
nan
nan
nan
nan
nan
nan
nan
nan
nan
nan
nan
nan
nan
nan
nan
nan
nan
nan
nan
nan
nan
nan
nan
nan
nan
nan
nan
nan
nan
nan
nan
nan
nan
nan
nan
nan
nan
nan
nan
nan
nan
nan
nan
nan
nan
nan
nan
nan
nan
nan
nan
nan
nan
nan
nan
nan
nan
nan
nan
nan
nan
nan
nan
nan
nan
nan
nan
nan
nan
nan
nan
nan
nan
nan
nan
nan
nan
nan
nan
nan
nan
nan
nan
nan
nan
nan
nan
nan
nan
nan
nan
nan
nan
nan
nan
nan
nan
nan
nan
nan
nan
nan
nan
nan
nan
nan
nan
nan
nan
nan
nan
nan
nan
nan
nan
nan
nan
nan
nan
nan
nan
nan
nan
nan
nan
nan
nan
nan
nan
nan
nan
nan
nan
nan
nan
nan
nan
nan
nan
nan
nan
nan
nan
nan
nan
nan
nan
nan
nan
nan
nan
nan
nan
nan
nan
nan
nan
nan
nan
nan
nan
nan
nan
nan
nan
nan
nan
nan
nan
nan
nan
nan
nan
nan
nan
nan
nan
nan
nan
nan
nan
nan
nan
nan
nan
nan
nan
nan
nan
nan
nan
nan
nan
nan
nan
nan
nan
nan
nan
nan
nan
nan
nan
nan
nan
nan
nan
nan
nan
nan
nan
nan
nan
nan
nan
nan
nan
nan
nan
nan
nan
nan
nan
nan
nan
nan
nan
nan
nan
nan
nan
nan
nan
nan
nan
nan
nan
nan
nan
nan
nan
nan
nan
nan
nan
nan
nan
nan
nan
nan
nan
nan
nan
nan
nan
nan
nan
nan
nan
nan
nan
nan
nan
nan
nan
nan
nan
nan
nan
nan
nan
nan
nan
nan
nan
nan
nan
nan
nan
nan
nan
nan
nan
nan
nan
nan
nan
nan
nan
nan
nan
nan
nan
nan
nan
nan
nan
nan
nan
nan
nan
nan
nan
nan
nan
nan
nan
nan
nan
nan
nan
nan
nan
nan
nan
nan
nan
nan
nan
nan
nan
nan
nan
nan
nan
nan
nan
nan
nan
nan
nan
nan
nan
nan
nan
nan
nan
nan
nan
nan
nan
nan
nan
nan
nan
nan
nan
nan
nan
nan
nan
nan
nan
nan
nan
nan
nan
nan
nan
nan
nan
nan
nan
nan
nan
nan
nan
nan
nan
nan
nan
nan
nan
nan
nan
nan
nan
nan
nan
nan
nan
nan
nan
nan
nan
nan
nan
nan
nan
nan
nan
nan
nan
nan
nan
nan
nan
nan
nan
nan
nan
nan
nan
nan
nan
nan
nan
nan
nan
nan
nan
nan
nan
nan
nan
nan
nan
nan
nan
nan
nan
nan
nan
nan
nan
nan
nan
nan
nan
nan
nan
nan
nan
nan
nan
nan
nan
nan
nan
nan
nan
nan
nan
nan
nan
nan
nan
nan
nan
nan
nan
nan
nan
nan
nan
nan
nan
nan
nan
nan
nan
nan
nan
nan
nan
nan
nan
nan
nan
nan
nan
nan
nan
nan
nan
nan
nan
nan
nan
nan
nan
nan
nan
nan
nan
nan
nan
nan
nan
nan
nan
nan
nan
nan
nan
nan
nan
nan
nan
nan
nan
nan
nan
nan
nan
nan
nan
nan
nan
nan
nan
nan
nan
nan
nan
nan
nan
nan
nan
nan
nan
nan
nan
nan
nan
nan
nan
nan
nan
nan
nan
nan
nan
nan
nan
nan
nan
nan
nan
nan
nan
nan
nan
nan
nan
nan
nan
nan
nan
nan
nan
nan
nan
nan
nan
nan
nan
nan
nan
nan
nan
nan
nan
nan
nan
nan
nan
nan
nan
nan
nan
nan
nan
nan
nan
nan
nan
nan
nan
nan
nan
nan
nan
nan
nan
nan
nan
nan
nan
nan
nan
nan
nan
nan
nan
nan
nan
nan
nan
nan
nan
nan
nan
nan
nan
nan
nan
nan
nan
nan
nan
nan
nan
nan
nan
nan
nan
nan
nan
nan
nan
nan
nan
nan
nan
nan
nan
nan
nan
nan
nan
nan
nan
nan
nan
nan
nan
nan
nan
nan
nan
nan
nan
nan
nan
nan
nan
nan
nan
nan
nan
nan
nan
nan
nan
nan
nan
nan
nan
nan
nan
nan
nan
nan
nan
nan
nan
nan
nan
nan
nan
nan
nan
nan
nan
nan
nan
nan
nan
nan
nan
nan
nan
nan
nan
nan
nan
nan
nan
nan
nan
nan
nan
nan
nan
nan
nan
nan
nan
nan
nan
nan
nan
nan
nan
nan
nan
nan
nan
nan
nan
nan
nan
nan
nan
nan
nan
nan
nan
nan
nan
nan
nan
nan
nan
nan
nan
nan
nan
nan
nan
nan
nan
nan
nan
nan
nan
nan
nan
nan
nan
nan
nan
nan
nan
nan
nan
nan
nan
nan
nan
nan
nan
nan
nan
nan
nan
nan
nan
nan
nan
nan
nan
nan
nan
nan
nan
nan
nan
nan
nan
nan
nan
nan
nan
nan
nan
nan
nan
nan
nan
nan
nan
nan
nan
nan
nan
nan
nan
nan
nan
nan
nan
nan
nan
nan
nan
nan
nan
nan
nan
nan
nan
nan
nan
nan
nan
nan
nan
nan
nan
nan
nan
nan
nan
nan
nan
nan
nan
nan
nan
nan
nan
nan
nan
nan
nan
nan
nan
nan
nan
nan
nan
nan
nan
nan
nan
nan
nan
nan
nan
nan
nan
nan
nan
nan
nan
nan
nan
nan
nan
nan
nan
nan
nan
nan
nan
nan
nan
nan
nan
nan
nan
nan
nan
nan
nan
nan
nan
nan
nan
nan
nan
nan
nan
nan
nan
nan
nan
nan
nan
nan
nan
nan
nan
nan
nan
nan
nan
nan
nan
nan
nan
nan
nan
nan
nan
nan
nan
nan
nan
nan
nan
nan
nan
nan
nan
nan
nan
nan
nan
nan
nan
nan
nan
nan
nan
nan
nan
nan
nan
nan
nan
nan
nan
nan
nan
nan
nan
nan
nan
nan
nan
nan
nan
nan
nan
nan
nan
nan
nan
nan
nan
nan
nan
nan
nan
nan
nan
nan
nan
nan
nan
nan
nan
nan
nan
nan
nan
nan
nan
nan
nan
nan
nan
nan
nan
nan
nan
nan
nan
nan
nan
nan
nan
nan
nan
nan
nan
nan
nan
nan
nan
nan
nan
nan
nan
nan
nan
nan
nan
nan
nan
nan
nan
nan
nan
nan
nan
nan
nan
nan
nan
nan
nan
nan
nan
nan
nan
nan
nan
nan
nan
nan
nan
nan
nan
nan
nan
nan
nan
nan
nan
nan
nan
nan
nan
nan
nan
nan
nan
nan
nan
nan
nan
nan
nan
nan
nan
nan
nan
nan
nan
nan
nan
nan
nan
nan
nan
nan
nan
nan
nan
nan
nan
nan
nan
nan
nan
nan
nan
nan
nan
nan
nan
nan
nan
nan
nan
nan
nan
nan
nan
nan
nan
nan
nan
nan
nan
nan
nan
nan
nan
nan
nan
nan
nan
nan
nan
nan
nan
nan
nan
nan
nan
nan
nan
nan
nan
nan
nan
nan
nan
nan
nan
nan
nan
nan
nan
nan
nan
nan
nan
nan
nan
nan
nan
nan
nan
nan
nan
nan
nan
nan
nan
nan
nan
nan
nan
nan
nan
nan
nan
nan
nan
nan
nan
nan
nan
nan
nan
nan
nan
nan
nan
nan
nan
nan
nan
nan
nan
nan
nan
nan
nan
nan
nan
nan
nan
nan
nan
nan
nan
nan
nan
nan
nan
nan
nan
nan
nan
nan
nan
nan
nan
nan
nan
nan
nan
nan
nan
nan
nan
nan
nan
nan
nan
nan
nan
nan
nan
nan
nan
nan
nan
nan
nan
nan
nan
nan
nan
nan
nan
nan
nan
nan
nan
nan
nan
nan
nan
nan
nan
nan
nan
nan
nan
nan
nan
nan
nan
nan
nan
nan
nan
nan
nan
nan
nan
nan
nan
nan
nan
nan
nan
nan
nan
nan
nan
nan
nan
nan
nan
nan
nan
nan
nan
nan
nan
nan
nan
nan
nan
nan
nan
nan
nan
nan
nan
nan
nan
nan
nan
nan
nan
nan
nan
nan
nan
nan
nan
nan
nan
nan
nan
nan
nan
nan
nan
nan
nan
nan
nan
nan
nan
nan
nan
nan
nan
nan
nan
nan
nan
nan
nan
nan
nan
nan
nan
nan
nan
nan
nan
nan
nan
nan
nan
nan
nan
nan
nan
nan
nan
nan
nan
nan
nan
nan
nan
nan
nan
nan
nan
nan
nan
nan
nan
nan
nan
nan
nan
nan
nan
nan
nan
nan
nan
nan
nan
nan
nan
nan
nan
nan
nan
nan
nan
nan
nan
nan
nan
nan
nan
nan
nan
nan
nan
nan
nan
nan
nan
nan
nan
nan
nan
nan
nan
nan
nan
nan
nan
nan
nan
nan
nan
nan
nan
nan
nan
nan
nan
nan
nan
nan
nan
nan
nan
nan
nan
nan
nan
nan
nan
nan
nan
nan
nan
nan
nan
nan
nan
nan
nan
nan
nan
nan
nan
nan
nan
nan
nan
nan
nan
nan
nan
nan
nan
nan
nan
nan
nan
nan
nan
nan
nan
nan
nan
nan
nan
nan
nan
nan
nan
nan
nan
nan
nan
nan
nan
nan
nan
nan
nan
nan
nan
nan
nan
nan
nan
nan
nan
nan
nan
nan
nan
nan
nan
nan
nan
nan
nan
nan
nan
nan
nan
nan
nan
nan
nan
nan
nan
nan
nan
nan
nan
nan
nan
nan
nan
nan
nan
nan
nan
nan
nan
nan
nan
nan
nan
nan
nan
nan
nan
nan
nan
nan
nan
nan
nan
nan
nan
nan
nan
nan
nan
nan
nan
nan
nan
nan
nan
nan
nan
nan
nan
nan
nan
nan
nan
nan
nan
nan
nan
nan
nan
nan
nan
nan
nan
nan
nan
nan
nan
nan
nan
nan
nan
nan
nan
nan
nan
nan
nan
nan
nan
nan
nan
nan
nan
nan
nan
nan
nan
nan
nan
nan
nan
nan
nan
nan
nan
nan
nan
nan
nan
nan
nan
nan
nan
nan
nan
nan
nan
nan
nan
nan
nan
nan
nan
nan
nan
nan
nan
nan
nan
nan
nan
nan
nan
nan
nan
nan
nan
nan
nan
nan
nan
nan
nan
nan
nan
nan
nan
nan
nan
nan
nan
nan
nan
nan
nan
nan
nan
nan
nan
nan
nan
nan
nan
nan
nan
nan
nan
nan
nan
nan
nan
nan
nan
nan
nan
nan
nan
nan
nan
nan
nan
nan
nan
nan
nan
nan
nan
nan
nan
nan
nan
nan
nan
nan
nan
nan
nan
nan
nan
nan
nan
nan
nan
nan
nan
nan
nan
nan
nan
nan
nan
nan
nan
nan
nan
nan
nan
nan
nan
nan
nan
nan
nan
nan
nan
nan
nan
nan
nan
nan
nan
nan
nan
nan
nan
nan
nan
nan
nan
nan
nan
nan
nan
nan
nan
nan
nan
nan
nan
nan
nan
nan
nan
nan
nan
nan
nan
nan
nan
nan
nan
nan
nan
nan
nan
nan
nan
nan
nan
nan
nan
nan
nan
nan
nan
nan
nan
nan
nan
nan
nan
nan
nan
nan
nan
nan
nan
nan
nan
nan
nan
nan
nan
nan
nan
nan
nan
nan
nan
nan
nan
nan
nan
nan
nan
nan
nan
nan
nan
nan
nan
nan
nan
nan
nan
nan
nan
nan
nan
nan
nan
nan
nan
nan
nan
nan
nan
nan
nan
nan
nan
nan
nan
nan
nan
nan
nan
nan
nan
nan
nan
nan
nan
nan
nan
nan
nan
nan
nan
nan
nan
nan
nan
nan
nan
nan
nan
nan
nan
nan
nan
nan
nan
nan
nan
nan
nan
nan
nan
nan
nan
nan
nan
nan
nan
nan
nan
nan
nan
nan
nan
nan
nan
nan
nan
nan
nan
nan
nan
nan
nan
nan
nan
nan
nan
nan
nan
nan
nan
nan
nan
nan
nan
nan
nan
nan
nan
nan
nan
nan
nan
nan
nan
nan
nan
nan
nan
nan
nan
nan
nan
nan
nan
nan
nan
nan
nan
nan
nan
nan
nan
nan
nan
nan
nan
nan
nan
nan
nan
nan
nan
nan
nan
nan
nan
nan
nan
nan
nan
nan
nan
nan
nan
nan
nan
nan
nan
nan
nan
nan
nan
nan
nan
nan
nan
nan
nan
nan
nan
nan
nan
nan
nan
nan
nan
nan
nan
nan
nan
nan
nan
nan
nan
nan
nan
nan
nan
nan
nan
nan
nan
nan
nan
nan
nan
nan
nan
nan
nan
nan
nan
nan
nan
nan
nan
nan
nan
nan
nan
nan
nan
nan
nan
nan
nan
nan
nan
nan
nan
nan
nan
nan
nan
nan
nan
nan
nan
nan
nan
nan
nan
nan
nan
nan
nan
nan
nan
nan
nan
nan
nan
nan
nan
nan
nan
nan
nan
nan
nan
nan
nan
nan
nan
nan
nan
nan
nan
nan
nan
nan
nan
nan
nan
nan
nan
nan
nan
nan
nan
nan
nan
nan
nan
nan
nan
nan
nan
nan
nan
nan
nan
nan
nan
nan
nan
nan
nan
nan
nan
nan
nan
nan
nan
nan
nan
nan
nan
nan
nan
nan
nan
nan
nan
nan
nan
nan
nan
nan
nan
nan
nan
nan
nan
nan
nan
nan
nan
nan
nan
nan
nan
nan
nan
nan
nan
nan
nan
nan
nan
nan
nan
nan
nan
nan
nan
nan
nan
nan
nan
nan
nan
nan
nan
nan
nan
nan
nan
nan
nan
nan
nan
nan
nan
nan
nan
nan
nan
nan
nan
nan
nan
nan
nan
nan
nan
nan
nan
nan
nan
nan
nan
nan
nan
nan
nan
nan
nan
nan
nan
nan
nan
nan
nan
nan
nan
nan
nan
nan
nan
nan
nan
nan
nan
nan
nan
nan
nan
nan
nan
nan
nan
nan
nan
nan
nan
nan
nan
nan
nan
nan
nan
nan
nan
nan
nan
nan
nan
nan
nan
nan
nan
nan
nan
nan
nan
nan
nan
nan
nan
nan
nan
nan
nan
nan
nan
nan
nan
nan
nan
nan
nan
nan
nan
nan
nan
nan
nan
nan
nan
nan
nan
nan
nan
nan
nan
nan
nan
nan
nan
nan
nan
nan
nan
nan
nan
nan
nan
nan
nan
nan
nan
nan
nan
nan
nan
nan
nan
nan
nan
nan
nan
nan
nan
nan
nan
nan
nan
nan
nan
nan
nan
nan
nan
nan
nan
nan
nan
nan
nan
nan
nan
nan
nan
nan
nan
nan
nan
nan
nan
nan
nan
nan
nan
nan
nan
nan
nan
nan
nan
nan
nan
nan
nan
nan
nan
nan
nan
nan
nan
nan
nan
nan
nan
nan
nan
nan
nan
nan
nan
nan
nan
nan
nan
nan
nan
nan
nan
nan
nan
nan
nan
nan
nan
nan
nan
nan
nan
nan
nan
nan
nan
nan
nan
nan
nan
nan
nan
nan
nan
nan
nan
nan
nan
nan
nan
nan
nan
nan
nan
nan
nan
nan
nan
nan
nan
nan
nan
nan
nan
nan
nan
nan
nan
nan
nan
nan
nan
nan
nan
nan
nan
nan
nan
nan
nan
nan
nan
nan
nan
nan
nan
nan
nan
nan
nan
nan
nan
nan
nan
nan
nan
nan
nan
nan
nan
nan
nan
nan
nan
nan
nan
nan
nan
nan
nan
nan
nan
nan
nan
nan
nan
nan
nan
nan
nan
nan
nan
nan
nan
nan
nan
nan
nan
nan
nan
nan
nan
nan
nan
nan
nan
nan
nan
nan
nan
nan
nan
nan
nan
nan
nan
nan
nan
nan
nan
nan
nan
nan
nan
nan
nan
nan
nan
nan
nan
nan
nan
nan
nan
nan
nan
nan
nan
nan
nan
nan
nan
nan
nan
nan
nan
nan
nan
nan
nan
nan
nan
nan
nan
nan
nan
nan
nan
nan
nan
nan
nan
nan
nan
nan
nan
nan
nan
nan
nan
nan
nan
nan
nan
nan
nan
nan
nan
nan
nan
nan
nan
nan
nan
nan
nan
nan
nan
nan
nan
nan
nan
nan
nan
nan
nan
nan
nan
nan
nan
nan
nan
nan
nan
nan
nan
nan
nan
nan
nan
nan
nan
nan
nan
nan
nan
nan
nan
nan
nan
nan
nan
nan
nan
nan
nan
nan
nan
nan
nan
nan
nan
nan
nan
nan
nan
nan
nan
nan
nan
nan
nan
nan
nan
nan
nan
nan
nan
nan
nan
nan
nan
nan
nan
nan
nan
nan
nan
nan
nan
nan
nan
nan
nan
nan
nan
nan
nan
nan
nan
nan
nan
nan
nan
nan
nan
nan
nan
nan
nan
nan
nan
nan
nan
nan
nan
nan
nan
nan
nan
nan
nan
nan
nan
nan
nan
nan
nan
nan
nan
nan
nan
nan
nan
nan
nan
nan
nan
nan
nan
nan
nan
nan
nan
nan
nan
nan
nan
nan
nan
nan
nan
nan
nan
nan
nan
nan
nan
nan
nan
nan
nan
nan
nan
nan
nan
nan
nan
nan
nan
nan
nan
nan
nan
nan
nan
nan
nan
nan
nan
nan
nan
nan
nan
nan
nan
nan
nan
nan
nan
nan
nan
nan
nan
nan
nan
nan
nan
nan
nan
nan
nan
nan
nan
nan
nan
nan
nan
nan
nan
nan
nan
nan
nan
nan
nan
nan
nan
nan
nan
nan
nan
nan
nan
nan
nan
nan
nan
nan
nan
nan
nan
nan
nan
nan
nan
nan
nan
nan
nan
nan
nan
nan
nan
nan
nan
nan
nan
nan
nan
nan
nan
nan
nan
nan
nan
nan
nan
nan
nan
nan
nan
nan
nan
nan
nan
nan
nan
nan
nan
nan
nan
nan
nan
nan
nan
nan
nan
nan
nan
nan
nan
nan
nan
nan
nan
nan
nan
nan
nan
nan
nan
nan
nan
nan
nan
nan
nan
nan
nan
nan
nan
nan
nan
nan
nan
nan
nan
nan
nan
nan
nan
nan
nan
nan
nan
nan
nan
nan
nan
nan
nan
nan
nan
nan
nan
nan
nan
nan
nan
nan
nan
nan
nan
nan
nan
nan
nan
nan
nan
nan
nan
nan
nan
nan
nan
nan
nan
nan
nan
nan
nan
nan
nan
nan
nan
nan
nan
nan
nan
nan
nan
nan
nan
nan
nan
nan
nan
nan
nan
nan
nan
nan
nan
nan
nan
nan
nan
nan
nan
nan
nan
nan
nan
nan
nan
nan
nan
nan
nan
nan
nan
nan
nan
nan
nan
nan
nan
nan
nan
nan
nan
nan
nan
nan
nan
nan
nan
nan
nan
nan
nan
nan
nan
nan
nan
nan
nan
nan
nan
nan
nan
nan
nan
nan
nan
nan
nan
nan
nan
nan
nan
nan
nan
nan
nan
nan
nan
nan
nan
nan
nan
nan
nan
nan
nan
nan
nan
nan
nan
nan
nan
nan
nan
nan
nan
nan
nan
nan
nan
nan
nan
nan
nan
nan
nan
nan
nan
nan
nan
nan
nan
nan
nan
nan
nan
nan
nan
nan
nan
nan
nan
nan
nan
nan
nan
nan
nan
nan
nan
nan
nan
nan
nan
nan
nan
nan
nan
nan
nan
nan
nan
nan
nan
nan
nan
nan
nan
nan
nan
nan
nan
nan
nan
nan
nan
nan
nan
nan
nan
nan
nan
nan
nan
nan
nan
nan
nan
nan
nan
nan
nan
nan
nan
nan
nan
nan
nan
nan
nan
nan
nan
nan
nan
nan
nan
nan
nan
nan
nan
nan
nan
nan
nan
nan
nan
nan
nan
nan
nan
nan
nan
nan
nan
nan
nan
nan
nan
nan
nan
nan
nan
nan
nan
nan
nan
nan
nan
nan
nan
nan
nan
nan
nan
nan
nan
nan
nan
nan
nan
nan
nan
nan
nan
nan
nan
nan
nan
nan
nan
nan
nan
nan
nan
nan
nan
nan
nan
nan
nan
nan
nan
nan
nan
nan
nan
nan
nan
nan
nan
nan
nan
nan
nan
nan
nan
nan
nan
nan
nan
nan
nan
nan
nan
nan
nan
nan
nan
nan
nan
nan
nan
nan
nan
nan
nan
nan
nan
nan
nan
nan
nan
nan
nan
nan
nan
nan
nan
nan
nan
nan
nan
nan
nan
nan
nan
nan
nan
nan
nan
nan
nan
nan
nan
nan
nan
nan
nan
nan
nan
nan
nan
nan
nan
nan
nan
nan
nan
nan
nan
nan
nan
nan
nan
nan
nan
nan
nan
nan
nan
nan
nan
nan
nan
nan
nan
nan
nan
nan
nan
nan
nan
nan
nan
nan
nan
nan
nan
nan
nan
nan
nan
nan
nan
nan
nan
nan
nan
nan
nan
nan
nan
nan
nan
nan
nan
nan
nan
nan
nan
nan
nan
nan
nan
nan
nan
nan
nan
nan
nan
nan
nan
nan
nan
nan
nan
nan
nan
nan
nan
nan
nan
nan
nan
nan
nan
nan
nan
nan
nan
nan
nan
nan
nan
nan
nan
nan
nan
nan
nan
nan
nan
nan
nan
nan
nan
nan
nan
nan
nan
nan
nan
nan
nan
nan
nan
nan
nan
nan
nan
nan
nan
nan
nan
nan
nan
nan
nan
nan
nan
nan
nan
nan
nan
nan
nan
nan
nan
nan
nan
nan
nan
nan
nan
nan
nan
nan
nan
nan
nan
nan
nan
nan
nan
nan
nan
nan
nan
nan
nan
nan
nan
nan
nan
nan
nan
nan
nan
nan
nan
nan
nan
nan
nan
nan
nan
nan
nan
nan
nan
nan
nan
nan
nan
nan
nan
nan
nan
nan
nan
nan
nan
nan
nan
nan
nan
nan
nan
nan
nan
nan
nan
nan
nan
nan
nan
nan
nan
nan
nan
nan
nan
nan
nan
nan
nan
nan
nan
nan
nan
nan
nan
nan
nan
nan
nan
nan
nan
nan
nan
nan
nan
nan
nan
nan
nan
nan
nan
nan
nan
nan
nan
nan
nan
nan
nan
nan
nan
nan
nan
nan
nan
nan
nan
nan
nan
nan
nan
nan
nan
nan
nan
nan
nan
nan
nan
nan
nan
nan
nan
nan
nan
nan
nan
nan
nan
nan
nan
nan
nan
nan
nan
nan
nan
nan
nan
nan
nan
nan
nan
nan
nan
nan
nan
nan
nan
nan
nan
nan
nan
nan
nan
nan
nan
nan
nan
nan
nan
nan
nan
nan
nan
nan
nan
nan
nan
nan
nan
nan
nan
nan
nan
nan
nan
nan
nan
nan
nan
nan
nan
nan
nan
nan
nan
nan
nan
nan
nan
nan
nan
nan
nan
nan
nan
nan
nan
nan
nan
nan
nan
nan
nan
nan
nan
nan
nan
nan
nan
nan
nan
nan
nan
nan
nan
nan
nan
nan
nan
nan
nan
nan
nan
nan
nan
nan
nan
nan
nan
nan
nan
nan
nan
nan
nan
nan
nan
nan
nan
nan
nan
nan
nan
nan
nan
nan
nan
nan
nan
nan
nan
nan
nan
nan
nan
nan
nan
nan
nan
nan
nan
nan
nan
nan
nan
nan
nan
nan
nan
nan
nan
nan
nan
nan
nan
nan
nan
nan
nan
nan
nan
nan
nan
nan
nan
nan
nan
nan
nan
nan
nan
nan
nan
nan
nan
nan
nan
nan
nan
nan
nan
nan
nan
nan
nan
nan
nan
nan
nan
nan
nan
nan
nan
nan
nan
nan
nan
nan
nan
nan
nan
nan
nan
nan
nan
nan
nan
nan
nan
nan
nan
nan
nan
nan
nan
nan
nan
nan
nan
nan
nan
nan
nan
nan
nan
nan
nan
nan
nan
nan
nan
nan
nan
nan
nan
nan
nan
nan
nan
nan
nan
nan
nan
nan
nan
nan
nan
nan
nan
nan
nan
nan
nan
nan
nan
nan
nan
nan
nan
nan
nan
nan
nan
nan
nan
nan
nan
nan
nan
nan
nan
nan
nan
nan
nan
nan
nan
nan
nan
nan
nan
nan
nan
nan
nan
nan
nan
nan
nan
nan
nan
nan
nan
nan
nan
nan
nan
nan
nan
nan
nan
nan
nan
nan
nan
nan
nan
nan
nan
nan
nan
nan
nan
nan
nan
nan
nan
nan
nan
nan
nan
nan
nan
nan
nan
nan
nan
nan
nan
nan
nan
nan
nan
nan
nan
nan
nan
nan
nan
nan
nan
nan
nan
nan
nan
nan
nan
nan
nan
nan
nan
nan
nan
nan
nan
nan
nan
nan
nan
nan
nan
nan
nan
nan
nan
nan
nan
nan
nan
nan
nan
nan
nan
nan
nan
nan
nan
nan
nan
nan
nan
nan
nan
nan
nan
nan
nan
nan
nan
nan
nan
nan
nan
nan
nan
nan
nan
nan
nan
nan
nan
nan
nan
nan
nan
nan
nan
nan
nan
nan
nan
nan
nan
nan
nan
nan
nan
nan
nan
nan
nan
nan
nan
nan
nan
nan
nan
nan
nan
nan
nan
nan
nan
nan
nan
nan
nan
nan
nan
nan
nan
nan
nan
nan
nan
nan
nan
nan
nan
nan
nan
nan
nan
nan
nan
nan
nan
nan
nan
nan
nan
nan
nan
nan
nan
nan
nan
nan
nan
nan
nan
nan
nan
nan
nan
nan
nan
nan
nan
nan
nan
nan
nan
nan
nan
nan
nan
nan
nan
nan
nan
nan
nan
nan
nan
nan
nan
nan
nan
nan
nan
nan
nan
nan
nan
nan
nan
nan
nan
nan
nan
nan
nan
nan
nan
nan
nan
nan
nan
nan
nan
nan
nan
nan
nan
nan
nan
nan
nan
nan
nan
nan
nan
nan
nan
nan
nan
nan
nan
nan
nan
nan
nan
nan
nan
nan
nan
nan
nan
nan
nan
nan
nan
nan
nan
nan
nan
nan
nan
nan
nan
nan
nan
nan
nan
nan
nan
nan
nan
nan
nan
nan
nan
nan
nan
nan
nan
nan
nan
nan
nan
nan
nan
nan
nan
nan
nan
nan
nan
nan
nan
nan
nan
nan
nan
nan
nan
nan
nan
nan
nan
nan
nan
nan
nan
nan
nan
nan
nan
nan
nan
nan
nan
nan
nan
nan
nan
nan
nan
nan
nan
nan
nan
nan
nan
nan
nan
nan
nan
nan
nan
nan
nan
nan
nan
nan
nan
nan
nan
nan
nan
nan
nan
nan
nan
nan
nan
nan
nan
nan
nan
nan
nan
nan
nan
nan
nan
nan
nan
nan
nan
nan
nan
nan
nan
nan
nan
nan
nan
nan
nan
nan
nan
nan
nan
nan
nan
nan
nan
nan
nan
nan
nan
nan
nan
nan
nan
nan
nan
nan
nan
nan
nan
nan
nan
nan
nan
nan
nan
nan
nan
nan
nan
nan
nan
nan
nan
nan
nan
nan
nan
nan
nan
nan
nan
nan
nan
nan
nan
nan
nan
nan
nan
nan
nan
nan
nan
nan
nan
nan
nan
nan
nan
nan
nan
nan
nan
nan
nan
nan
nan
nan
nan
nan
nan
nan
nan
nan
nan
nan
nan
nan
nan
nan
nan
nan
nan
nan
nan
nan
nan
nan
nan
nan
nan
nan
nan
nan
nan
nan
nan
nan
nan
nan
nan
nan
nan
nan
nan
nan
nan
nan
nan
nan
nan
nan
nan
nan
nan
nan
nan
nan
nan
nan
nan
nan
nan
nan
nan
nan
nan
nan
nan
nan
nan
nan
nan
nan
nan
nan
nan
nan
nan
nan
nan
nan
nan
nan
nan
nan
nan
nan
nan
nan
nan
nan
nan
nan
nan
nan
nan
nan
nan
nan
nan
nan
nan
nan
nan
nan
nan
nan
nan
nan
nan
nan
nan
nan
nan
nan
nan
nan
nan
nan
nan
nan
nan
nan
nan
nan
nan
nan
nan
nan
nan
nan
nan
nan
nan
nan
nan
nan
nan
nan
nan
nan
nan
nan
nan
nan
nan
nan
nan
nan
nan
nan
nan
nan
nan
nan
nan
nan
nan
nan
nan
nan
nan
nan
nan
nan
nan
nan
nan
nan
nan
nan
nan
nan
nan
nan
nan
nan
nan
nan
nan
nan
nan
nan
nan
nan
nan
nan
nan
nan
nan
nan
nan
nan
nan
nan
nan
nan
nan
nan
nan
nan
nan
nan
nan
nan
nan
nan
nan
nan
nan
nan
nan
nan
nan
nan
nan
nan
nan
nan
nan
nan
nan
nan
nan
nan
nan
nan
nan
nan
nan
nan
nan
nan
nan
nan
nan
nan
nan
nan
nan
nan
nan
nan
nan
nan
nan
nan
nan
nan
nan
nan
nan
nan
nan
nan
nan
nan
nan
nan
nan
nan
nan
nan
nan
nan
nan
nan
nan
nan
nan
nan
nan
nan
nan
nan
nan
nan
nan
nan
nan
nan
nan
nan
nan
nan
nan
nan
nan
nan
nan
nan
nan
nan
nan
nan
nan
nan
nan
nan
nan
nan
nan
nan
nan
nan
nan
nan
nan
nan
nan
nan
nan
nan
nan
nan
nan
nan
nan
nan
nan
nan
nan
nan
nan
nan
nan
nan
nan
nan
nan
nan
nan
nan
nan
nan
nan
nan
nan
nan
nan
nan
nan
nan
nan
nan
nan
nan
nan
nan
nan
nan
nan
nan
nan
nan
nan
nan
nan
nan
nan
nan
nan
nan
nan
nan
nan
nan
nan
nan
nan
nan
nan
nan
nan
nan
nan
nan
nan
nan
nan
nan
nan
nan
nan
nan
nan
nan
nan
nan
nan
nan
nan
nan
nan
nan
nan
nan
nan
nan
nan
nan
nan
nan
nan
nan
nan
nan
nan
nan
nan
nan
nan
nan
nan
nan
nan
nan
nan
nan
nan
nan
nan
nan
nan
nan
nan
nan
nan
nan
nan
nan
nan
nan
nan
nan
nan
nan
nan
nan
nan
nan
nan
nan
nan
nan
nan
nan
nan
nan
nan
nan
nan
nan
nan
nan
nan
nan
nan
nan
nan
nan
nan
nan
nan
nan
nan
nan
nan
nan
nan
nan
nan
nan
nan
nan
nan
nan
nan
nan
nan
nan
nan
nan
nan
nan
nan
nan
nan
nan
nan
nan
nan
nan
nan
nan
nan
nan
nan
nan
nan
nan
nan
nan
nan
nan
nan
nan
nan
nan
nan
nan
nan
nan
nan
nan
nan
nan
nan
nan
nan
nan
nan
nan
nan
nan
nan
nan
nan
nan
nan
nan
nan
nan
nan
nan
nan
nan
nan
nan
nan
nan
nan
nan
nan
nan
nan
nan
nan
nan
nan
nan
nan
nan
nan
nan
nan
nan
nan
nan
nan
nan
nan
nan
nan
nan
nan
nan
nan
nan
nan
nan
nan
nan
nan
nan
nan
nan
nan
nan
nan
nan
nan
nan
nan
nan
nan
nan
nan
nan
nan
nan
nan
nan
nan
nan
nan
nan
nan
nan
nan
nan
nan
nan
nan
nan
nan
nan
nan
nan
nan
nan
nan
nan
nan
nan
nan
nan
nan
nan
nan
nan
nan
nan
nan
nan
nan
nan
nan
nan
nan
nan
nan
nan
nan
nan
nan
nan
nan
nan
nan
nan
nan
nan
nan
nan
nan
nan
nan
nan
nan
nan
nan
nan
nan
nan
nan
nan
nan
nan
nan
nan
nan
nan
nan
nan
nan
nan
nan
nan
nan
nan
nan
nan
nan
nan
nan
nan
nan
nan
nan
nan
nan
nan
nan
nan
nan
nan
nan
nan
nan
nan
nan
nan
nan
nan
nan
nan
nan
nan
nan
nan
nan
nan
nan
nan
nan
nan
nan
nan
nan
nan
nan
nan
nan
nan
nan
nan
nan
nan
nan
nan
nan
nan
nan
nan
nan
nan
nan
nan
nan
nan
nan
nan
nan
nan
nan
nan
nan
nan
nan
nan
nan
nan
nan
nan
nan
nan
nan
nan
nan
nan
nan
nan
nan
nan
nan
nan
nan
nan
nan
nan
nan
nan
nan
nan
nan
nan
nan
nan
nan
nan
nan
nan
nan
nan
nan
nan
nan
nan
nan
nan
nan
nan
nan
nan
nan
nan
nan
nan
nan
nan
nan
nan
nan
nan
nan
nan
nan
nan
nan
nan
nan
nan
nan
nan
nan
nan
nan
nan
nan
nan
nan
nan
nan
nan
nan
nan
nan
nan
nan
nan
nan
nan
nan
nan
nan
nan
nan
nan
nan
nan
nan
nan
nan
nan
nan
nan
nan
nan
nan
nan
nan
nan
nan
nan
nan
nan
nan
nan
nan
nan
nan
nan
nan
nan
nan
nan
nan
nan
nan
nan
nan
nan
nan
nan
nan
nan
nan
nan
nan
nan
nan
nan
nan
nan
nan
nan
nan
nan
nan
nan
nan
nan
nan
nan
nan
nan
nan
nan
nan
nan
nan
nan
nan
nan
nan
nan
nan
nan
nan
nan
nan
nan
nan
nan
nan
nan
nan
nan
nan
nan
nan
nan
nan
nan
nan
nan
nan
nan
nan
nan
nan
nan
nan
nan
nan
nan
nan
nan
nan
nan
nan
nan
nan
nan
nan
nan
nan
nan
nan
nan
nan
nan
nan
nan
nan
nan
nan
nan
nan
nan
nan
nan
nan
nan
nan
nan
nan
nan
nan
nan
nan
nan
nan
nan
nan
nan
nan
nan
nan
nan
nan
nan
nan
nan
nan
nan
nan
nan
nan
nan
nan
nan
nan
nan
nan
nan
nan
nan
nan
nan
nan
nan
nan
nan
nan
nan
nan
nan
nan
nan
nan
nan
nan
nan
nan
nan
nan
nan
nan
nan
nan
nan
nan
nan
nan
nan
nan
nan
nan
nan
nan
nan
nan
nan
nan
nan
nan
nan
nan
nan
nan
nan
nan
nan
nan
nan
nan
nan
nan
nan
nan
nan
nan
nan
nan
nan
nan
nan
nan
nan
nan
nan
nan
nan
nan
nan
nan
nan
nan
nan
nan
nan
nan
nan
nan
nan
nan
nan
nan
nan
nan
nan
nan
nan
nan
nan
nan
nan
nan
nan
nan
nan
nan
nan
nan
nan
nan
nan
nan
nan
nan
nan
nan
nan
nan
nan
nan
nan
nan
nan
nan
nan
nan
nan
nan
nan
nan
nan
nan
nan
nan
nan
nan
nan
nan
nan
nan
nan
nan
nan
nan
nan
nan
nan
nan
nan
nan
nan
nan
nan
nan
nan
nan
nan
nan
nan
nan
nan
nan
nan
nan
nan
nan
nan
nan
nan
nan
nan
nan
nan
nan
nan
nan
nan
nan
nan
nan
nan
nan
nan
nan
nan
nan
nan
nan
nan
nan
nan
nan
nan
nan
nan
nan
nan
nan
nan
nan
nan
nan
nan
nan
nan
nan
nan
nan
nan
nan
nan
nan
nan
nan
nan
nan
nan
nan
nan
nan
nan
nan
nan
nan
nan
nan
nan
nan
nan
nan
nan
nan
nan
nan
nan
nan
nan
nan
nan
nan
nan
nan
nan
nan
nan
nan
nan
nan
nan
nan
nan
nan
nan
nan
nan
nan
nan
nan
nan
nan
nan
nan
nan
nan
nan
nan
nan
nan
nan
nan
nan
nan
nan
nan
nan
nan
nan
nan
nan
nan
nan
nan
nan
nan
nan
nan
nan
nan
nan
nan
nan
nan
nan
nan
nan
nan
nan
nan
nan
nan
nan
nan
nan
nan
nan
nan
nan
nan
nan
nan
nan
nan
nan
nan
nan
nan
nan
nan
nan
nan
nan
nan
nan
nan
nan
nan
nan
nan
nan
nan
nan
nan
nan
nan
nan
nan
nan
nan
nan
nan
nan
nan
nan
nan
nan
nan
nan
nan
nan
nan
nan
nan
nan
nan
nan
nan
nan
nan
nan
nan
nan
nan
nan
nan
nan
nan
nan
nan
nan
nan
nan
nan
nan
nan
nan
nan
nan
nan
nan
nan
nan
nan
nan
nan
nan
nan
nan
nan
nan
nan
nan
nan
nan
nan
nan
nan
nan
nan
nan
nan
nan
nan
nan
nan
nan
nan
nan
nan
nan
nan
nan
nan
nan
nan
nan
nan
nan
nan
nan
nan
nan
nan
nan
nan
nan
nan
nan
nan
nan
nan
nan
nan
nan
nan
nan
nan
nan
nan
nan
nan
nan
nan
nan
nan
nan
nan
nan
nan
nan
nan
nan
nan
nan
nan
nan
nan
nan
nan
nan
nan
nan
nan
nan
nan
nan
nan
nan
nan
nan
nan
nan
nan
nan
nan
nan
nan
nan
nan
nan
nan
nan
nan
nan
nan
nan
nan
nan
nan
nan
nan
nan
nan
nan
nan
nan
nan
nan
nan
nan
nan
nan
nan
nan
nan
nan
nan
nan
nan
nan
nan
nan
nan
nan
nan
nan
nan
nan
nan
nan
nan
nan
nan
nan
nan
nan
nan
nan
nan
nan
nan
nan
nan
nan
nan
nan
nan
nan
nan
nan
nan
nan
nan
nan
nan
nan
nan
nan
nan
nan
nan
nan
nan
nan
nan
nan
nan
nan
nan
nan
nan
nan
nan
nan
nan
nan
nan
nan
nan
nan
nan
nan
nan
nan
nan
nan
nan
nan
nan
nan
nan
nan
nan
nan
nan
nan
nan
nan
nan
nan
nan
nan
nan
nan
nan
nan
nan
nan
nan
nan
nan
nan
nan
nan
nan
nan
nan
nan
nan
nan
nan
nan
nan
nan
nan
nan
nan
nan
nan
nan
nan
nan
nan
nan
nan
nan
nan
nan
nan
nan
nan
nan
nan
nan
nan
nan
nan
nan
nan
nan
nan
nan
nan
nan
nan
nan
nan
nan
nan
nan
nan
nan
nan
nan
nan
nan
nan
nan
nan
nan
nan
nan
nan
nan
nan
nan
nan
nan
nan
nan
nan
nan
nan
nan
nan
nan
nan
nan
nan
nan
nan
nan
nan
nan
nan
nan
nan
nan
nan
nan
nan
nan
nan
nan
nan
nan
nan
nan
nan
nan
nan
nan
nan
nan
nan
nan
nan
nan
nan
nan
nan
nan
nan
nan
nan
nan
nan
nan
nan
nan
nan
nan
nan
nan
nan
nan
nan
nan
nan
nan
nan
nan
nan
nan
nan
nan
nan
nan
nan
nan
nan
nan
nan
nan
nan
nan
nan
nan
nan
nan
nan
nan
nan
nan
nan
nan
nan
nan
nan
nan
nan
nan
nan
nan
nan
nan
nan
nan
nan
nan
nan
nan
nan
nan
nan
nan
nan
nan
nan
nan
nan
nan
nan
nan
nan
nan
nan
nan
nan
nan
nan
nan
nan
nan
nan
nan
nan
nan
nan
nan
nan
nan
nan
nan
nan
nan
nan
nan
nan
nan
nan
nan
nan
nan
nan
nan
nan
nan
nan
nan
nan
nan
nan
nan
nan
nan
nan
nan
nan
nan
nan
nan
nan
nan
nan
nan
nan
nan
nan
nan
nan
nan
nan
nan
nan
nan
nan
nan
nan
nan
nan
nan
nan
nan
nan
nan
nan
nan
nan
nan
nan
nan
nan
nan
nan
nan
nan
nan
nan
nan
nan
nan
nan
nan
nan
nan
nan
nan
nan
nan
nan
nan
nan
nan
nan
nan
nan
nan
nan
nan
nan
nan
nan
nan
nan
nan
nan
nan
nan
nan
nan
nan
nan
nan
nan
nan
nan
nan
nan
nan
nan
nan
nan
nan
nan
nan
nan
nan
nan
nan
nan
nan
nan
nan
nan
nan
nan
nan
nan
nan
nan
nan
nan
nan
nan
nan
nan
nan
nan
nan
nan
nan
nan
nan
nan
nan
nan
nan
nan
nan
nan
nan
nan
nan
nan
nan
nan
nan
nan
nan
nan
nan
nan
nan
nan
nan
nan
nan
nan
nan
nan
nan
nan
nan
nan
nan
nan
nan
nan
nan
nan
nan
nan
nan
nan
nan
nan
nan
nan
nan
nan
nan
nan
nan
nan
nan
nan
nan
nan
nan
nan
nan
nan
nan
nan
nan
nan
nan
nan
nan
nan
nan
nan
nan
nan
nan
nan
nan
nan
nan
nan
nan
nan
nan
nan
nan
nan
nan
nan
nan
nan
nan
nan
nan
nan
nan
nan
nan
nan
nan
nan
nan
nan
nan
nan
nan
nan
nan
nan
nan
nan
nan
nan
nan
nan
nan
nan
nan
nan
nan
nan
nan
nan
nan
nan
nan
nan
nan
nan
nan
nan
nan
nan
nan
nan
nan
nan
nan
nan
nan
nan
nan
nan
nan
nan
nan
nan
nan
nan
nan
nan
nan
nan
nan
nan
nan
nan
nan
nan
nan
nan
nan
nan
nan
nan
nan
nan
nan
nan
nan
nan
nan
nan
nan
nan
nan
nan
nan
nan
nan
nan
nan
nan
nan
nan
nan
nan
nan
nan
nan
nan
nan
nan
nan
nan
nan
nan
nan
nan
nan
nan
nan
nan
nan
nan
nan
nan
nan
nan
nan
nan
nan
nan
nan
nan
nan
nan
nan
nan
nan
nan
nan
nan
nan
nan
nan
nan
nan
nan
nan
nan
nan
nan
nan
nan
nan
nan
nan
nan
nan
nan
nan
nan
nan
nan
nan
nan
nan
nan
nan
nan
nan
nan
nan
nan
nan
nan
nan
nan
nan
nan
nan
nan
nan
nan
nan
nan
nan
nan
nan
nan
nan
nan
nan
nan
nan
nan
nan
nan
nan
nan
nan
nan
nan
nan
nan
nan
nan
nan
nan
nan
nan
nan
nan
nan
nan
nan
nan
nan
nan
nan
nan
nan
nan
nan
nan
nan
nan
nan
nan
nan
nan
nan
nan
nan
nan
nan
nan
nan
nan
nan
nan
nan
nan
nan
nan
nan
nan
nan
nan
nan
nan
nan
nan
nan
nan
nan
nan
nan
nan
nan
nan
nan
nan
nan
nan
nan
nan
nan
nan
nan
nan
nan
nan
nan
nan
nan
nan
nan
nan
nan
nan
nan
nan
nan
nan
nan
nan
nan
nan
nan
nan
nan
nan
nan
nan
nan
nan
nan
nan
nan
nan
nan
nan
nan
nan
nan
nan
nan
nan
nan
nan
nan
nan
nan
nan
nan
nan
nan
nan
nan
nan
nan
nan
nan
nan
nan
nan
nan
nan
nan
nan
nan
nan
nan
nan
nan
nan
nan
nan
nan
nan
nan
nan
nan
nan
nan
nan
nan
nan
nan
nan
nan
nan
nan
nan
nan
nan
nan
nan
nan
nan
nan
nan
nan
nan
nan
nan
nan
nan
nan
nan
nan
nan
nan
nan
nan
nan
nan
nan
nan
nan
nan
nan
nan
nan
nan
nan
nan
nan
nan
nan
nan
nan
nan
nan
nan
nan
nan
nan
nan
nan
nan
nan
nan
nan
nan
nan
nan
nan
nan
nan
nan
nan
nan
nan
nan
nan
nan
nan
nan
nan
nan
nan
nan
nan
nan
nan
nan
nan
nan
nan
nan
nan
nan
nan
nan
nan
nan
nan
nan
nan
nan
nan
nan
nan
nan
nan
nan
nan
nan
nan
nan
nan
nan
nan
nan
nan
nan
nan
nan
nan
nan
nan
nan
nan
nan
nan
nan
nan
nan
nan
nan
nan
nan
nan
nan
nan
nan
nan
nan
nan
nan
nan
nan
nan
nan
nan
nan
nan
nan
nan
nan
nan
nan
nan
nan
nan
nan
nan
nan
nan
nan
nan
nan
nan
nan
nan
nan
nan
nan
nan
nan
nan
nan
nan
nan
nan
nan
nan
nan
nan
nan
nan
nan
nan
nan
nan
nan
nan
nan
nan
nan
nan
nan
nan
nan
nan
nan
nan
nan
nan
nan
nan
nan
nan
nan
nan
nan
nan
nan
nan
nan
nan
nan
nan
nan
nan
nan
nan
nan
nan
nan
nan
nan
nan
nan
nan
nan
nan
nan
nan
nan
nan
nan
nan
nan
nan
nan
nan
nan
nan
nan
nan
nan
nan
nan
nan
nan
nan
nan
nan
nan
nan
nan
nan
nan
nan
nan
nan
nan
nan
nan
nan
nan
nan
nan
nan
nan
nan
nan
nan
nan
nan
nan
nan
nan
nan
nan
nan
nan
nan
nan
nan
nan
nan
nan
nan
nan
nan
nan
nan
nan
nan
nan
nan
nan
nan
nan
nan
nan
nan
nan
nan
nan
nan
nan
nan
nan
nan
nan
nan
nan
nan
nan
nan
nan
nan
nan
nan
nan
nan
nan
nan
nan
nan
nan
nan
nan
nan
nan
nan
nan
nan
nan
nan
nan
nan
nan
nan
nan
nan
nan
nan
nan
nan
nan
nan
nan
nan
nan
nan
nan
nan
nan
nan
nan
nan
nan
nan
nan
nan
nan
nan
nan
nan
nan
nan
nan
nan
nan
nan
nan
nan
nan
nan
nan
nan
nan
nan
nan
nan
nan
nan
nan
nan
nan
nan
nan
nan
nan
nan
nan
nan
nan
nan
nan
nan
nan
nan
nan
nan
nan
nan
nan
nan
nan
nan
nan
nan
nan
nan
nan
nan
nan
nan
nan
nan
nan
nan
nan
nan
nan
nan
nan
nan
nan
nan
nan
nan
nan
nan
nan
nan
nan
nan
nan
nan
nan
nan
nan
nan
nan
nan
nan
nan
nan
nan
nan
nan
nan
nan
nan
nan
nan
nan
nan
nan
nan
nan
nan
nan
nan
nan
nan
nan
nan
nan
nan
nan
nan
nan
nan
nan
nan
nan
nan
nan
nan
nan
nan
nan
nan
nan
nan
nan
nan
nan
nan
nan
nan
nan
nan
nan
nan
nan
nan
nan
nan
nan
nan
nan
nan
nan
nan
nan
nan
nan
nan
nan
nan
nan
nan
nan
nan
nan
nan
nan
nan
nan
nan
nan
nan
nan
nan
nan
nan
nan
nan
nan
nan
nan
nan
nan
nan
nan
nan
nan
nan
nan
nan
nan
nan
nan
nan
nan
nan
nan
nan
nan
nan
nan
nan
nan
nan
nan
nan
nan
nan
nan
nan
nan
nan
nan
nan
nan
nan
nan
nan
nan
nan
nan
nan
nan
nan
nan
nan
nan
nan
nan
nan
nan
nan
nan
nan
nan
nan
nan
nan
nan
nan
nan
nan
nan
nan
nan
nan
nan
nan
nan
nan
nan
nan
nan
nan
nan
nan
nan
nan
nan
nan
nan
nan
nan
nan
nan
nan
nan
nan
nan
nan
nan
nan
nan
nan
nan
nan
nan
nan
nan
nan
nan
nan
nan
nan
nan
nan
nan
nan
nan
nan
nan
nan
nan
nan
nan
nan
nan
nan
nan
nan
nan
nan
nan
nan
nan
nan
nan
nan
nan
nan
nan
nan
nan
nan
nan
nan
nan
nan
nan
nan
nan
nan
nan
nan
nan
nan
nan
nan
nan
nan
nan
nan
nan
nan
nan
nan
nan
nan
nan
nan
nan
nan
nan
nan
nan
nan
nan
nan
nan
nan
nan
nan
nan
nan
nan
nan
nan
nan
nan
nan
nan
nan
nan
nan
nan
nan
nan
nan
nan
nan
nan
nan
nan
nan
nan
nan
nan
nan
nan
nan
nan
nan
nan
nan
nan
nan
nan
nan
nan
nan
nan
nan
nan
nan
nan
nan
nan
nan
nan
nan
nan
nan
nan
nan
nan
nan
nan
nan
nan
nan
nan
nan
nan
nan
nan
nan
nan
nan
nan
nan
nan
nan
nan
nan
nan
nan
nan
nan
nan
nan
nan
nan
nan
nan
nan
nan
nan
nan
nan
nan
nan
nan
nan
nan
nan
nan
nan
nan
nan
nan
nan
nan
nan
nan
nan
nan
nan
nan
nan
nan
nan
nan
nan
nan
nan
nan
nan
nan
nan
nan
nan
nan
nan
nan
nan
nan
nan
nan
nan
nan
nan
nan
nan
nan
nan
nan
nan
nan
nan
nan
nan
nan
nan
nan
nan
nan
nan
nan
nan
nan
nan
nan
nan
nan
nan
nan
nan
nan
nan
nan
nan
nan
nan
nan
nan
nan
nan
nan
nan
nan
nan
nan
nan
nan
nan
nan
nan
nan
nan
nan
nan
nan
nan
nan
nan
nan
nan
nan
nan
nan
nan
nan
nan
nan
nan
nan
nan
nan
nan
nan
nan
nan
nan
nan
nan
nan
nan
nan
nan
nan
nan
nan
nan
nan
nan
nan
nan
nan
nan
nan
nan
nan
nan
nan
nan
nan
nan
nan
nan
nan
nan
nan
nan
nan
nan
nan
nan
nan
nan
nan
nan
nan
nan
nan
nan
nan
nan
nan
nan
nan
nan
nan
nan
nan
nan
nan
nan
nan
nan
nan
nan
nan
nan
nan
nan
nan
nan
nan
nan
nan
nan
nan
nan
nan
nan
nan
nan
nan
nan
nan
nan
nan
nan
nan
nan
nan
nan
nan
nan
nan
nan
nan
nan
nan
nan
nan
nan
nan
nan
nan
nan
nan
nan
nan
nan
nan
nan
nan
nan
nan
nan
nan
nan
nan
nan
nan
nan
nan
nan
nan
nan
nan
nan
nan
nan
nan
nan
nan
nan
nan
nan
nan
nan
nan
nan
nan
nan
nan
nan
nan
nan
nan
nan
nan
nan
nan
nan
nan
nan
nan
nan
nan
nan
nan
nan
nan
nan
nan
nan
nan
nan
nan
nan
nan
nan
nan
nan
nan
nan
nan
nan
nan
nan
nan
nan
nan
nan
nan
nan
nan
nan
nan
nan
nan
nan
nan
nan
nan
nan
nan
nan
nan
nan
nan
nan
nan
nan
nan
nan
nan
nan
nan
nan
nan
nan
nan
nan
nan
nan
nan
nan
nan
nan
nan
nan
nan
nan
nan
nan
nan
nan
nan
nan
nan
nan
nan
nan
nan
nan
nan
nan
nan
nan
nan
nan
nan
nan
nan
nan
nan
nan
nan
nan
nan
nan
nan
nan
nan
nan
nan
nan
nan
nan
nan
nan
nan
nan
nan
nan
nan
nan
nan
nan
nan
nan
nan
nan
nan
nan
nan
nan
nan
nan
nan
nan
nan
nan
nan
nan
nan
nan
nan
nan
nan
nan
nan
nan
nan
nan
nan
nan
nan
nan
nan
nan
nan
nan
nan
nan
nan
nan
nan
nan
nan
nan
nan
nan
nan
nan
nan
nan
nan
nan
nan
nan
nan
nan
nan
nan
nan
nan
nan
nan
nan
nan
nan
nan
nan
nan
nan
nan
nan
nan
nan
nan
nan
nan
nan
nan
nan
nan
nan
nan
nan
nan
nan
nan
nan
nan
nan
nan
nan
nan
nan
nan
nan
nan
nan
nan
nan
nan
nan
nan
nan
nan
nan
nan
nan
nan
nan
nan
nan
nan
nan
nan
nan
nan
nan
nan
nan
nan
nan
nan
nan
nan
nan
nan
nan
nan
nan
nan
nan
nan
nan
nan
nan
nan
nan
nan
nan
nan
nan
nan
nan
nan
nan
nan
nan
nan
nan
nan
nan
nan
nan
nan
nan
nan
nan
nan
nan
nan
nan
nan
nan
nan
nan
nan
nan
nan
nan
nan
nan
nan
nan
nan
nan
nan
nan
nan
nan
nan
nan
nan
nan
nan
nan
nan
nan
nan
nan
nan
nan
nan
nan
nan
nan
nan
nan
nan
nan
nan
nan
nan
nan
nan
nan
nan
nan
nan
nan
nan
nan
nan
nan
nan
nan
nan
nan
nan
nan
nan
nan
nan
nan
nan
nan
nan
nan
nan
nan
nan
nan
nan
nan
nan
nan
nan
nan
nan
nan
nan
nan
nan
nan
nan
nan
nan
nan
nan
nan
nan
nan
nan
nan
nan
nan
nan
nan
nan
nan
nan
nan
nan
nan
nan
nan
nan
nan
nan
nan
nan
nan
nan
nan
nan
nan
nan
nan
nan
nan
nan
nan
nan
nan
nan
nan
nan
nan
nan
nan
nan
nan
nan
nan
nan
nan
nan
nan
nan
nan
nan
nan
nan
nan
nan
nan
nan
nan
nan
nan
nan
nan
nan
nan
nan
nan
nan
nan
nan
nan
nan
nan
nan
nan
nan
nan
nan
nan
nan
nan
nan
nan
nan
nan
nan
nan
nan
nan
nan
nan
nan
nan
nan
nan
nan
nan
nan
nan
nan
nan
nan
nan
nan
nan
nan
nan
nan
nan
nan
nan
nan
nan
nan
nan
nan
nan
nan
nan
nan
nan
nan
nan
nan
nan
nan
nan
nan
nan
nan
nan
nan
nan
nan
nan
nan
nan
nan
nan
nan
nan
nan
nan
nan
nan
nan
nan
nan
nan
nan
nan
nan
nan
nan
nan
nan
nan
nan
nan
nan
nan
nan
nan
nan
nan
nan
nan
nan
nan
nan
nan
nan
nan
nan
nan
nan
nan
nan
nan
nan
nan
nan
nan
nan
nan
nan
nan
nan
nan
nan
nan
nan
nan
nan
nan
nan
nan
nan
nan
nan
nan
nan
nan
nan
nan
nan
nan
nan
nan
nan
nan
nan
nan
nan
nan
nan
nan
nan
nan
nan
nan
nan
nan
nan
nan
nan
nan
nan
nan
nan
nan
nan
nan
nan
nan
nan
nan
nan
nan
nan
nan
nan
nan
nan
nan
nan
nan
nan
nan
nan
nan
nan
nan
nan
nan
nan
nan
nan
nan
nan
nan
nan
nan
nan
nan
nan
nan
nan
nan
nan
nan
nan
nan
nan
nan
nan
nan
nan
nan
nan
nan
nan
nan
nan
nan
nan
nan
nan
nan
nan
nan
nan
nan
nan
nan
nan
nan
nan
nan
nan
nan
nan
nan
nan
nan
nan
nan
nan
nan
nan
nan
nan
nan
nan
nan
nan
nan
nan
nan
nan
nan
nan
nan
nan
nan
nan
nan
nan
nan
nan
nan
nan
nan
nan
nan
nan
nan
nan
nan
nan
nan
nan
nan
nan
nan
nan
nan
nan
nan
nan
nan
nan
nan
nan
nan
nan
nan
nan
nan
nan
nan
nan
nan
nan
nan
nan
nan
nan
nan
nan
nan
nan
nan
nan
nan
nan
nan
nan
nan
nan
nan
nan
nan
nan
nan
nan
nan
nan
nan
nan
nan
nan
nan
nan
nan
nan
nan
nan
nan
nan
nan
nan
nan
nan
nan
nan
nan
nan
nan
nan
nan
nan
nan
nan
nan
nan
nan
nan
nan
nan
nan
nan
nan
nan
nan
nan
nan
nan
nan
nan
nan
nan
nan
nan
nan
nan
nan
nan
nan
nan
nan
nan
nan
nan
nan
nan
nan
nan
nan
nan
nan
nan
nan
nan
nan
nan
nan
nan
nan
nan
nan
nan
nan
nan
nan
nan
nan
nan
nan
nan
nan
nan
nan
nan
nan
nan
nan
nan
nan
nan
nan
nan
nan
nan
nan
nan
nan
nan
nan
nan
nan
nan
nan
nan
nan
nan
nan
nan
nan
nan
nan
nan
nan
nan
nan
nan
nan
nan
nan
nan
nan
nan
nan
nan
nan
nan
nan
nan
nan
nan
nan
nan
nan
nan
nan
nan
nan
nan
nan
nan
nan
nan
nan
nan
nan
nan
nan
nan
nan
nan
nan
nan
nan
nan
nan
nan
nan
nan
nan
nan
nan
nan
nan
nan
nan
nan
nan
nan
nan
nan
nan
nan
nan
nan
nan
nan
nan
nan
nan
nan
nan
nan
nan
nan
nan
nan
nan
nan
nan
nan
nan
nan
nan
nan
nan
nan
nan
nan
nan
nan
nan
nan
nan
nan
nan
nan
nan
nan
nan
nan
nan
nan
nan
nan
nan
nan
nan
nan
nan
nan
nan
nan
nan
nan
nan
nan
nan
nan
nan
nan
nan
nan
nan
nan
nan
nan
nan
nan
nan
nan
nan
nan
nan
nan
nan
nan
nan
nan
nan
nan
nan
nan
nan
nan
nan
nan
nan
nan
nan
nan
nan
nan
nan
nan
nan
nan
nan
nan
nan
nan
nan
nan
nan
nan
nan
nan
nan
nan
nan
nan
nan
nan
nan
nan
nan
nan
nan
nan
nan
nan
nan
nan
nan
nan
nan
nan
nan
nan
nan
nan
nan
nan
nan
nan
nan
nan
nan
nan
nan
nan
nan
nan
nan
nan
nan
nan
nan
nan
nan
nan
nan
nan
nan
nan
nan
nan
nan
nan
nan
nan
nan
nan
nan
nan
nan
nan
nan
nan
nan
nan
nan
nan
nan
nan
nan
nan
nan
nan
nan
nan
nan
nan
nan
nan
nan
nan
nan
nan
nan
nan
nan
nan
nan
nan
nan
nan
nan
nan
nan
nan
nan
nan
nan
nan
nan
nan
nan
nan
nan
nan
nan
nan
nan
nan
nan
nan
nan
nan
nan
nan
nan
nan
nan
nan
nan
nan
nan
nan
nan
nan
nan
nan
nan
nan
nan
nan
nan
nan
nan
nan
nan
nan
nan
nan
nan
nan
nan
nan
nan
nan
nan
nan
nan
nan
nan
nan
nan
nan
nan
nan
nan
nan
nan
nan
nan
nan
nan
nan
nan
nan
nan
nan
nan
nan
nan
nan
nan
nan
nan
nan
nan
nan
nan
nan
nan
nan
nan
nan
nan
nan
nan
nan
nan
nan
nan
nan
nan
nan
nan
nan
nan
nan
nan
nan
nan
nan
nan
nan
nan
nan
nan
nan
nan
nan
nan
nan
nan
nan
nan
nan
nan
nan
nan
nan
nan
nan
nan
nan
nan
nan
nan
nan
nan
nan
nan
nan
nan
nan
nan
nan
nan
nan
nan
nan
nan
nan
nan
nan
nan
nan
nan
nan
nan
nan
nan
nan
nan
nan
nan
nan
nan
nan
nan
nan
nan
nan
nan
nan
nan
nan
nan
nan
nan
nan
nan
nan
nan
nan
nan
nan
nan
nan
nan
nan
nan
nan
nan
nan
nan
nan
nan
nan
nan
nan
nan
nan
nan
nan
nan
nan
nan
nan
nan
nan
nan
nan
nan
nan
nan
nan
nan
nan
nan
nan
nan
nan
nan
nan
nan
nan
nan
nan
nan
nan
nan
nan
nan
nan
nan
nan
nan
nan
nan
nan
nan
nan
nan
nan
nan
nan
nan
nan
nan
nan
nan
nan
nan
nan
nan
nan
nan
nan
nan
nan
nan
nan
nan
nan
nan
nan
nan
nan
nan
nan
nan
nan
nan
nan
nan
nan
nan
nan
nan
nan
nan
nan
nan
nan
nan
nan
nan
nan
nan
nan
nan
nan
nan
nan
nan
nan
nan
nan
nan
nan
nan
nan
nan
nan
nan
nan
nan
nan
nan
nan
nan
nan
nan
nan
nan
nan
nan
nan
nan
nan
nan
nan
nan
nan
nan
nan
nan
nan
nan
nan
nan
nan
nan
nan
nan
nan
nan
nan
nan
nan
nan
nan
nan
nan
nan
nan
nan
nan
nan
nan
nan
nan
nan
nan
nan
nan
nan
nan
nan
nan
nan
nan
nan
nan
nan
nan
nan
nan
nan
nan
nan
nan
nan
nan
nan
nan
nan
nan
nan
nan
nan
nan
nan
nan
nan
nan
nan
nan
nan
nan
nan
nan
nan
nan
nan
nan
nan
nan
nan
nan
nan
nan
nan
nan
nan
nan
nan
nan
nan
nan
nan
nan
nan
nan
nan
nan
nan
nan
nan
nan
nan
nan
nan
nan
nan
nan
nan
nan
nan
nan
nan
nan
nan
nan
nan
nan
nan
nan
nan
nan
nan
nan
nan
nan
nan
nan
nan
nan
nan
nan
nan
nan
nan
nan
nan
nan
nan
nan
nan
nan
nan
nan
nan
nan
nan
nan
nan
nan
nan
nan
nan
nan
nan
nan
nan
nan
nan
nan
nan
nan
nan
nan
nan
nan
nan
nan
nan
nan
nan
nan
nan
nan
nan
nan
nan
nan
nan
nan
nan
nan
nan
nan
nan
nan
nan
nan
nan
nan
nan
nan
nan
nan
nan
nan
nan
nan
nan
nan
nan
nan
nan
nan
nan
nan
nan
nan
nan
nan
nan
nan
nan
nan
nan
nan
nan
nan
nan
nan
nan
nan
nan
nan
nan
nan
nan
nan
nan
nan
nan
nan
nan
nan
nan
nan
nan
nan
nan
nan
nan
nan
nan
nan
nan
nan
nan
nan
nan
nan
nan
nan
nan
nan
nan
nan
nan
nan
nan
nan
nan
nan
nan
nan
nan
nan
nan
nan
nan
nan
nan
nan
nan
nan
nan
nan
nan
nan
nan
nan
nan
nan
nan
nan
nan
nan
nan
nan
nan
nan
nan
nan
nan
nan
nan
nan
nan
nan
nan
nan
nan
nan
nan
nan
nan
nan
nan
nan
nan
nan
nan
nan
nan
nan
nan
nan
nan
nan
nan
nan
nan
nan
nan
nan
nan
nan
nan
nan
nan
nan
nan
nan
nan
nan
nan
nan
nan
nan
nan
nan
nan
nan
nan
nan
nan
nan
nan
nan
nan
nan
nan
nan
nan
nan
nan
nan
nan
nan
nan
nan
nan
nan
nan
nan
nan
nan
nan
nan
nan
nan
nan
nan
nan
nan
nan
nan
nan
nan
nan
nan
nan
nan
nan
nan
nan
nan
nan
nan
nan
nan
nan
nan
nan
nan
nan
nan
nan
nan
nan
nan
nan
nan
nan
nan
nan
nan
nan
nan
nan
nan
nan
nan
nan
nan
nan
nan
nan
nan
nan
nan
nan
nan
nan
nan
nan
nan
nan
nan
nan
nan
nan
nan
nan
nan
nan
nan
nan
nan
nan
nan
nan
nan
nan
nan
nan
nan
nan
nan
nan
nan
nan
nan
nan
nan
nan
nan
nan
nan
nan
nan
nan
nan
nan
nan
nan
nan
nan
nan
nan
nan
nan
nan
nan
nan
nan
nan
nan
nan
nan
nan
nan
nan
nan
nan
nan
nan
nan
nan
nan
nan
nan
nan
nan
nan
nan
nan
nan
nan
nan
nan
nan
nan
nan
nan
nan
nan
nan
nan
nan
nan
nan
nan
nan
nan
nan
nan
nan
nan
nan
nan
nan
nan
nan
nan
nan
nan
nan
nan
nan
nan
nan
nan
nan
nan
nan
nan
nan
nan
nan
nan
nan
nan
nan
nan
nan
nan
nan
nan
nan
nan
nan
nan
nan
nan
nan
nan
nan
nan
nan
nan
nan
nan
nan
nan
nan
nan
nan
nan
nan
nan
nan
nan
nan
nan
nan
nan
nan
nan
nan
nan
nan
nan
nan
nan
nan
nan
nan
nan
nan
nan
nan
nan
nan
nan
nan
nan
nan
nan
nan
nan
nan
nan
nan
nan
nan
nan
nan
nan
nan
nan
nan
nan
nan
nan
nan
nan
nan
nan
nan
nan
nan
nan
nan
nan
nan
nan
nan
nan
nan
nan
nan
nan
nan
nan
nan
nan
nan
nan
nan
nan
nan
nan
nan
nan
nan
nan
nan
nan
nan
nan
nan
nan
nan
nan
nan
nan
nan
nan
nan
nan
nan
nan
nan
nan
nan
nan
nan
nan
nan
nan
nan
nan
nan
nan
nan
nan
nan
nan
nan
nan
nan
nan
nan
nan
nan
nan
nan
nan
nan
nan
nan
nan
nan
nan
nan
nan
nan
nan
nan
nan
nan
nan
nan
nan
nan
nan
nan
nan
nan
nan
nan
nan
nan
nan
nan
nan
nan
nan
nan
nan
nan
nan
nan
nan
nan
nan
nan
nan
nan
nan
nan
nan
nan
nan
nan
nan
nan
nan
nan
nan
nan
nan
nan
nan
nan
nan
nan
nan
nan
nan
nan
nan
nan
nan
nan
nan
nan
nan
nan
nan
nan
nan
nan
nan
nan
nan
nan
nan
nan
nan
nan
nan
nan
nan
nan
nan
nan
nan
nan
nan
nan
nan
nan
nan
nan
nan
nan
nan
nan
nan
nan
nan
nan
nan
nan
nan
nan
nan
nan
nan
nan
nan
nan
nan
nan
nan
nan
nan
nan
nan
nan
nan
nan
nan
nan
nan
nan
nan
nan
nan
nan
nan
nan
nan
nan
nan
nan
nan
nan
nan
nan
nan
nan
nan
nan
nan
nan
nan
nan
nan
nan
nan
nan
nan
nan
nan
nan
nan
nan
nan
nan
nan
nan
nan
nan
nan
nan
nan
nan
nan
nan
nan
nan
nan
nan
nan
nan
nan
nan
nan
nan
nan
nan
nan
nan
nan
nan
nan
nan
nan
nan
nan
nan
nan
nan
nan
nan
nan
nan
nan
nan
nan
nan
nan
nan
nan
nan
nan
nan
nan
nan
nan
nan
nan
nan
nan
nan
nan
nan
nan
nan
nan
nan
nan
nan
nan
nan
nan
nan
nan
nan
nan
nan
nan
nan
nan
nan
nan
nan
nan
nan
nan
nan
nan
nan
nan
nan
nan
nan
nan
nan
nan
nan
nan
nan
nan
nan
nan
nan
nan
nan
nan
nan
nan
nan
nan
nan
nan
nan
nan
nan
nan
nan
nan
nan
nan
nan
nan
nan
nan
nan
nan
nan
nan
nan
nan
nan
nan
nan
nan
nan
nan
nan
nan
nan
nan
nan
nan
nan
nan
nan
nan
nan
nan
nan
nan
nan
nan
nan
nan
nan
nan
nan
nan
nan
nan
nan
nan
nan
nan
nan
nan
nan
nan
nan
nan
nan
nan
nan
nan
nan
nan
nan
nan
nan
nan
nan
nan
nan
nan
nan
nan
nan
nan
nan
nan
nan
nan
nan
nan
nan
nan
nan
nan
nan
nan
nan
nan
nan
nan
nan
nan
nan
nan
nan
nan
nan
nan
nan
nan
nan
nan
nan
nan
nan
nan
nan
nan
nan
nan
nan
nan
nan
nan
nan
nan
nan
nan
nan
nan
nan
nan
nan
nan
nan
nan
nan
nan
nan
nan
nan
nan
nan
nan
nan
nan
nan
nan
nan
nan
nan
nan
nan
nan
nan
nan
nan
nan
nan
nan
nan
nan
nan
nan
nan
nan
nan
nan
nan
nan
nan
nan
nan
nan
nan
nan
nan
nan
nan
nan
nan
nan
nan
nan
nan
nan
nan
nan
nan
nan
nan
nan
nan
nan
nan
nan
nan
nan
nan
nan
nan
nan
nan
nan
nan
nan
nan
nan
nan
nan
nan
nan
nan
nan
nan
nan
nan
nan
nan
nan
nan
nan
nan
nan
nan
nan
nan
nan
nan
nan
nan
nan
nan
nan
nan
nan
nan
nan
nan
nan
nan
nan
nan
nan
nan
nan
nan
nan
nan
nan
nan
nan
nan
nan
nan
nan
nan
nan
nan
nan
nan
nan
nan
nan
nan
nan
nan
nan
nan
nan
nan
nan
nan
nan
nan
nan
nan
nan
nan
nan
nan
nan
nan
nan
nan
nan
nan
nan
nan
nan
nan
nan
nan
nan
nan
nan
nan
nan
nan
nan
nan
nan
nan
nan
nan
nan
nan
nan
nan
nan
nan
nan
nan
nan
nan
nan
nan
nan
nan
nan
nan
nan
nan
nan
nan
nan
nan
nan
nan
nan
nan
nan
nan
nan
nan
nan
nan
nan
nan
nan
nan
nan
nan
nan
nan
nan
nan
nan
nan
nan
nan
nan
nan
nan
nan
nan
nan
nan
nan
nan
nan
nan
nan
nan
nan
nan
nan
nan
nan
nan
nan
nan
nan
nan
nan
nan
nan
nan
nan
nan
nan
nan
nan
nan
nan
nan
nan
nan
nan
nan
nan
nan
nan
nan
nan
nan
nan
nan
nan
nan
nan
nan
nan
nan
nan
nan
nan
nan
nan
nan
nan
nan
nan
nan
nan
nan
nan
nan
nan
nan
nan
nan
nan
nan
nan
nan
nan
nan
nan
nan
nan
nan
nan
nan
nan
nan
nan
nan
nan
nan
nan
nan
nan
nan
nan
nan
nan
nan
nan
nan
nan
nan
nan
nan
nan
nan
nan
nan
nan
nan
nan
nan
nan
nan
nan
nan
nan
nan
nan
nan
nan
nan
nan
nan
nan
nan
nan
nan
nan
nan
nan
nan
nan
nan
nan
nan
nan
nan
nan
nan
nan
nan
nan
nan
nan
nan
nan
nan
nan
nan
nan
nan
nan
nan
nan
nan
nan
nan
nan
nan
nan
nan
nan
nan
nan
nan
nan
nan
nan
nan
nan
nan
nan
nan
nan
nan
nan
nan
nan
nan
nan
nan
nan
nan
nan
nan
nan
nan
nan
nan
nan
nan
nan
nan
nan
nan
nan
nan
nan
nan
nan
nan
nan
nan
nan
nan
nan
nan
nan
nan
nan
nan
nan
nan
nan
nan
nan
nan
nan
nan
nan
nan
nan
nan
nan
nan
nan
nan
nan
nan
nan
nan
nan
nan
nan
nan
nan
nan
nan
nan
nan
nan
nan
nan
nan
nan
nan
nan
nan
nan
nan
nan
nan
nan
nan
nan
nan
nan
nan
nan
nan
nan
nan
nan
nan
nan
nan
nan
nan
nan
nan
nan
nan
nan
nan
nan
nan
nan
nan
nan
nan
nan
nan
nan
nan
nan
nan
nan
nan
nan
nan
nan
nan
nan
nan
nan
nan
nan
nan
nan
nan
nan
nan
nan
nan
nan
nan
nan
nan
nan
nan
nan
nan
nan
nan
nan
nan
nan
nan
nan
nan
nan
nan
nan
nan
nan
nan
nan
nan
nan
nan
nan
nan
nan
nan
nan
nan
nan
nan
nan
nan
nan
nan
nan
nan
nan
nan
nan
nan
nan
nan
nan
nan
nan
nan
nan
nan
nan
nan
nan
nan
nan
nan
nan
nan
nan
nan
nan
nan
nan
nan
nan
nan
nan
nan
nan
nan
nan
nan
nan
nan
nan
nan
nan
nan
nan
nan
nan
nan
nan
nan
nan
nan
nan
nan
nan
nan
nan
nan
nan
nan
nan
nan
nan
nan
nan
nan
nan
nan
nan
nan
nan
nan
nan
nan
nan
nan
nan
nan
nan
nan
nan
nan
nan
nan
nan
nan
nan
nan
nan
nan
nan
nan
nan
nan
nan
nan
nan
nan
nan
nan
nan
nan
nan
nan
nan
nan
nan
nan
nan
nan
nan
nan
nan
nan
nan
nan
nan
nan
nan
nan
nan
nan
nan
nan
nan
nan
nan
nan
nan
nan
nan
nan
nan
nan
nan
nan
nan
nan
nan
nan
nan
nan
nan
nan
nan
nan
nan
nan
nan
nan
nan
nan
nan
nan
nan
nan
nan
nan
nan
nan
nan
nan
nan
nan
nan
nan
nan
nan
nan
nan
nan
nan
nan
nan
nan
nan
nan
nan
nan
nan
nan
nan
nan
nan
nan
nan
nan
nan
nan
nan
nan
nan
nan
nan
nan
nan
nan
nan
nan
nan
nan
nan
nan
nan
nan
nan
nan
nan
nan
nan
nan
nan
nan
nan
nan
nan
nan
nan
nan
nan
nan
nan
nan
nan
nan
nan
nan
nan
nan
nan
nan
nan
nan
nan
nan
nan
nan
nan
nan
nan
nan
nan
nan
nan
nan
nan
nan
nan
nan
nan
nan
nan
nan
nan
nan
nan
nan
nan
nan
nan
nan
nan
nan
nan
nan
nan
nan
nan
nan
nan
nan
